 13.000000 7.229257 1000000.000000 9368.714493 80 0 449402009 44 -131.012999 -1402.475845
 13.000000 7.260291 1000000.000000 9743.583115 80 1 467884023 44 -291.331833 -1401.236200
 13.000000 7.136274 1000000.000000 8288.197318 80 0 397162724 44 -94.942089 -1384.437160
 13.000000 7.241668 1000000.000000 9512.806552 80 1 456549388 44 -148.766899 -1397.641970
 13.000000 7.297559 1000000.000000 10171.989373 80 0 489191283 52 -47.575310 -1298.965452
 13.000000 7.313095 1000000.000000 10367.854015 80 0 498823827 52 -73.207160 -1301.730975
 13.000000 7.102225 1000000.000000 7912.274567 80 1 378855282 44 -263.196096 -1370.729475
 13.000000 7.322420 1000000.000000 10454.657337 80 0 502737073 40 -224.232001 -1405.904594
 13.000000 7.198243 1000000.000000 9028.571454 80 1 433248020 48 -35.762760 -1259.692467
 13.000000 7.204444 1000000.000000 9072.687437 80 1 435036154 40 -59.782154 -1376.048789
 13.000000 7.182743 1000000.000000 8853.815263 81 1 424399617 44 -360.634889 -1400.634889
 13.000000 7.247875 1000000.000000 9579.254655 80 0 459825802 44 -133.694013 -1406.087768
 13.000000 7.303773 1000000.000000 10232.781761 81 0 492377388 52 -50.009325 -1314.679100
 13.000000 7.207545 1000000.000000 9127.967788 80 0 437923132 44 -220.037355 -1398.263701
 13.000000 7.210646 1000000.000000 9153.166119 80 1 439081067 40 -129.754313 -1377.233381
 13.000000 7.266500 1000000.000000 9820.140980 80 0 471768173 44 -323.036082 -1409.701087
 13.000000 7.316203 1000000.000000 10394.312744 80 0 499596520 44 -285.019374 -1419.343439
 13.000000 7.216849 1000000.000000 9228.087554 80 0 442811541 40 -160.961022 -1385.634975
 13.000000 7.238565 1000000.000000 9490.319483 80 0 455936059 44 -317.895981 -1404.281632
 13.000000 7.250979 1000000.000000 9643.032220 80 0 463962067 52 -41.380183 -1290.674229
 13.000000 7.266500 1000000.000000 9818.727473 80 2 471877743 44 -308.503081 -1395.168086
 13.000000 7.282027 1000000.000000 9987.563370 80 0 480295861 50 -47.073656 -1274.354739
 13.000000 7.384629 1000000.000000 11185.002430 80 0 539133331 52 -59.155593 -1314.463876
 13.000000 7.272710 1000000.000000 9873.509206 80 0 474336008 44 -113.906759 -1410.905837
 13.000000 7.133178 1000000.000000 8258.830178 80 1 395534184 44 -223.373851 -1376.703293
 13.000000 7.344184 1000000.000000 10721.343490 81 0 515909143 44 -339.018167 -1439.460004
 13.000000 7.226155 1000000.000000 9355.920093 80 0 448957512 44 -315.612448 -1401.873994
 13.000000 7.157954 1000000.000000 8547.034633 80 2 409707632 40 -251.641945 -1360.011254
 13.000000 7.142467 1000000.000000 8371.771161 80 0 401081678 44 -254.789309 -1385.638655
 13.000000 7.263396 1000000.000000 9763.248685 80 0 468672873 42 -137.455775 -1387.308583
 13.000000 7.195142 1000000.000000 8996.172200 80 0 431620682 52 -79.905354 -1280.735336
 13.000000 7.263396 1000000.000000 9787.882835 81 0 470048168 44 -323.991604 -1423.625561
 13.000000 7.170347 1000000.000000 8699.432773 80 0 416977437 42 -146.722382 -1369.536258
 13.000000 7.309988 1000000.000000 10298.109870 80 0 496071678 62 -29.748454 -1352.347713
 13.000000 7.161052 1000000.000000 8579.100891 80 1 411182425 42 -229.378823 -1360.599862
 13.000000 7.381516 1000000.000000 11148.093273 80 0 537357054 42 -322.054427 -1409.869589
 13.000000 7.176545 1000000.000000 8753.465603 80 1 419524539 44 -93.363149 -1385.073100
 13.000000 7.288239 1000000.000000 10056.328797 80 0 484147385 58 -53.624044 -1304.594805
 13.000000 7.170347 1000000.000000 8676.201652 80 0 415940664 44 -76.826485 -1391.047298
 13.000000 7.313095 1000000.000000 10332.877414 80 1 496976465 44 -88.641684 -1411.427406
 13.000000 6.984787 1000000.000000 6531.384888 80 1 312214374 42 -221.337808 -1327.109620
 13.000000 7.219951 1000000.000000 9286.508976 80 0 445586237 44 -314.470902 -1400.670408
 13.000000 7.201343 1000000.000000 9070.234323 80 2 434991913 44 -273.637745 -1382.657893
 13.000000 7.362846 1000000.000000 10922.910625 80 1 526022492 44 -238.143950 -1421.029340
 13.000000 7.278921 1000000.000000 9939.093119 80 1 477463440 44 -107.491147 -1404.831821
 13.000000 7.219951 1000000.000000 9256.368583 80 0 444269330 44 -106.573127 -1400.670408
 13.000000 7.313095 1000000.000000 10360.961021 80 0 499097517 44 -331.609547 -1418.740501
 13.000000 7.362846 1000000.000000 10933.719112 80 0 527678465 62 -36.355790 -1362.126569
 13.000000 7.306880 1000000.000000 10293.788661 80 0 495088005 42 -285.010899 -1395.614100
 13.000000 7.130082 1000000.000000 8210.585090 80 0 393306238 44 -94.081335 -1383.235819
 13.000000 7.213747 1000000.000000 9193.066638 80 0 441294422 44 -174.917085 -1399.466977
 13.000000 7.275816 1000000.000000 9910.629215 80 2 475968588 44 -240.061243 -1396.956639
 13.000000 7.102225 1000000.000000 7909.452435 81 0 378713524 44 -248.991646 -1392.036151
 13.000000 7.213747 1000000.000000 9194.765919 80 3 440949868 44 -222.482052 -1377.825735
 13.000000 7.223052 1000000.000000 9302.412834 80 0 446386668 44 -222.580607 -1401.272182
 13.000000 7.157954 1000000.000000 8533.576286 80 0 409059792 44 -75.165832 -1388.643070
 13.000000 6.950846 1000000.000000 6143.105720 80 0 293535664 44 -264.955634 -1348.464092
 13.000000 7.331746 1000000.000000 10550.933600 80 0 507459812 44 -98.453958 -1422.358715
 13.000000 7.229257 1000000.000000 9389.030282 80 2 451028941 48 -9.574145 -1257.890707
 13.000000 7.313095 1000000.000000 10339.917104 80 0 497097382 44 -213.782163 -1418.740501
 13.000000 7.133178 1000000.000000 8257.082418 80 0 395550688 44 -139.843475 -1383.836470
 13.000000 7.241668 1000000.000000 9537.396093 80 0 458732589 54 -32.900208 -1281.775278
 13.000000 7.040380 1000000.000000 7164.618796 80 0 342732342 44 -59.410937 -1365.833745
 13.000000 7.319311 1000000.000000 10424.228550 80 0 501407893 44 -238.367074 -1419.946417
 13.000000 7.254083 1000000.000000 9675.176020 80 2 464435394 40 -268.464480 -1378.275721
 13.000000 7.238565 1000000.000000 9483.184434 80 0 455618677 52 -39.729160 -1288.464590
 13.000000 7.365957 1000000.000000 10974.912730 80 1 528934938 44 -333.970215 -1421.629790
 13.000000 7.204444 1000000.000000 9086.412178 80 1 435846469 44 -281.391018 -1390.457677
 13.000000 7.278921 1000000.000000 9966.851106 80 0 478796384 44 -301.926922 -1412.110742
 13.000000 7.272710 1000000.000000 9875.393479 80 2 474319638 44 -239.542653 -1396.360416
 13.000000 7.306880 1000000.000000 10272.880636 81 0 494466033 44 -190.873296 -1432.148501
 13.000000 7.254083 1000000.000000 9648.863226 80 0 463152824 42 -66.284839 -1385.529804
 13.000000 7.241668 1000000.000000 9528.002692 80 0 457214929 44 -295.258615 -1404.883638
 13.000000 7.257187 1000000.000000 9716.332038 81 1 466595597 44 -315.579571 -1415.151439
 13.000000 7.024931 1000000.000000 7008.404138 80 0 335226587 44 -212.213385 -1362.836666
 13.000000 7.235462 1000000.000000 9453.960800 80 0 453725503 42 -272.441345 -1381.973278
 13.000000 7.173446 1000000.000000 8723.476476 80 0 418159331 44 -145.843399 -1391.648452
 13.000000 7.244772 1000000.000000 9549.561433 80 1 458365222 44 -143.470963 -1369.261826
 13.000000 7.334855 1000000.000000 10584.440083 80 3 509284991 44 -76.866017 -1400.957322
 13.000000 7.322420 1000000.000000 10449.662495 80 0 502454179 42 -169.685384 -1398.582174
 13.000000 7.229257 1000000.000000 9367.281959 80 0 449419416 44 -154.159283 -1402.475845
 13.000000 7.219951 1000000.000000 9283.830437 80 0 445969024 50 -38.693325 -1263.491347
 13.000000 7.288239 1000000.000000 10056.452944 80 0 483134775 44 -233.271218 -1413.918392
 13.000000 7.297559 1000000.000000 10159.205704 80 0 488159843 46 -58.063103 -1262.477658
 13.000000 7.278921 1000000.000000 9942.319832 81 0 477544660 46 -132.443596 -1419.389664
 13.000000 7.142467 1000000.000000 8352.702204 80 0 400140196 50 -102.945421 -1392.781122
 13.000000 7.164150 1000000.000000 8633.776504 80 0 413825640 42 -259.890406 -1368.352657
 13.000000 7.192042 1000000.000000 8928.100073 81 0 428114355 44 -58.157529 -1409.640273
 13.000000 7.288239 1000000.000000 10068.433883 80 2 483772088 40 -297.883044 -1384.765436
 13.000000 7.238565 1000000.000000 9499.296256 80 0 456167799 44 -317.895981 -1404.281632
 13.000000 7.210646 1000000.000000 9160.951995 80 0 439506770 40 -183.071418 -1384.444027
 13.000000 7.303773 1000000.000000 10257.944427 80 0 493050641 44 -329.894191 -1416.931919
 13.000000 7.238565 1000000.000000 9502.462073 80 0 456031840 44 -364.281632 -1404.281632
 13.000000 7.291345 1000000.000000 10107.951245 80 0 486011309 52 -46.748946 -1297.859492
 13.000000 7.278921 1000000.000000 9953.436095 81 1 478270613 44 -202.627416 -1419.389664
 13.000000 7.306880 1000000.000000 10276.681851 80 0 494155415 44 -212.793937 -1417.534740
 13.000000 7.266500 1000000.000000 9816.266276 80 0 471437893 44 -299.703580 -1409.701087
 13.000000 7.260291 1000000.000000 9747.882495 80 0 467946654 42 -276.811250 -1386.715618
 13.000000 7.195142 1000000.000000 8995.896442 80 1 431828177 52 -26.758789 -1273.540194
 13.000000 7.188942 1000000.000000 8896.445551 80 1 426684046 40 -103.640862 -1373.087976
 13.000000 7.192042 1000000.000000 8935.183826 80 0 428435580 42 -104.077952 -1373.680062
 13.000000 7.226155 1000000.000000 9345.767913 80 0 448587314 44 -223.089356 -1401.873994
 13.000000 7.254083 1000000.000000 9678.067793 80 1 464606104 44 -313.497142 -1400.037969
 13.000000 7.263396 1000000.000000 9788.804035 80 0 469980874 46 -374.835374 -1401.835374
 13.000000 7.210646 1000000.000000 9176.511845 80 2 440168889 44 -298.337568 -1384.444027
 13.000000 7.325528 1000000.000000 10493.218888 80 0 505845186 62 -31.691036 -1355.222734
 13.000000 7.229257 1000000.000000 9381.256620 80 0 450133657 44 -200.451853 -1402.475845
 13.000000 7.176545 1000000.000000 8783.393076 80 1 421035382 44 -358.073100 -1385.073100
 13.000000 7.288239 1000000.000000 10068.696728 80 0 483904438 44 -327.036001 -1413.918392
 13.000000 7.080570 1000000.000000 7634.223689 80 0 365384649 44 -64.796435 -1373.630660
 13.000000 7.111509 1000000.000000 8020.105438 80 1 384135273 44 -264.848583 -1372.521217
 13.000000 7.291345 1000000.000000 10098.966170 80 1 485257459 44 -320.316220 -1407.229674
 13.000000 7.282027 1000000.000000 9973.599341 81 0 479438933 52 -47.073656 -1310.764874
 13.000000 7.123890 1000000.000000 8153.316336 80 0 390499267 44 -228.937387 -1382.034634
 13.000000 7.201343 1000000.000000 9067.338218 80 0 434937837 44 -288.040432 -1397.060580
 13.000000 7.300666 1000000.000000 10191.155233 80 0 489672324 44 -94.289197 -1416.329136
 13.000000 7.275816 1000000.000000 9912.272894 80 0 476306669 44 -277.991954 -1411.508270
 13.000000 7.192042 1000000.000000 8937.792303 80 0 428472222 44 -171.574500 -1395.256189
 13.000000 7.257187 1000000.000000 9705.926449 81 0 466354712 52 -43.720227 -1306.293636
 13.000000 7.269605 1000000.000000 9846.970234 80 0 472941103 42 -301.798572 -1388.494626
 13.000000 7.313095 1000000.000000 10349.963748 80 2 497679680 40 -231.660735 -1389.488119
 13.000000 7.173446 1000000.000000 8712.187138 80 1 417675287 42 -25.680704 -1362.954670
 13.000000 7.350404 1000000.000000 10767.415569 81 2 518099040 44 -111.706123 -1425.978331
 13.000000 7.247875 1000000.000000 9581.410268 80 0 459986738 44 -133.694013 -1406.087768
 13.000000 7.232359 1000000.000000 9408.041747 80 1 451540488 44 -216.874592 -1395.845376
 13.000000 7.148661 1000000.000000 8428.268016 80 0 403877205 44 -119.407237 -1386.840305
 13.000000 7.226155 1000000.000000 9342.561250 80 0 448294460 44 -176.827810 -1401.873994
 13.000000 7.266500 1000000.000000 9815.464515 80 0 471765518 52 -66.777062 -1293.437079
 13.000000 7.086757 1000000.000000 7734.966484 81 1 370350550 44 -261.616173 -1381.917521
 13.000000 7.089850 1000000.000000 7747.824092 80 0 371219549 50 1.319517 -1240.723727
 13.000000 7.278921 1000000.000000 9953.367162 80 0 478178717 42 -163.117124 -1390.273978
 13.000000 7.238565 1000000.000000 9489.478691 80 0 456194878 44 -271.510330 -1404.281632
 13.000000 7.154856 1000000.000000 8528.082704 80 1 408698419 44 -295.338691 -1380.887253
 13.000000 7.229257 1000000.000000 9390.739565 80 0 450716742 42 -317.641790 -1380.788075
 13.000000 7.272710 1000000.000000 9874.115151 80 0 474614596 56 -58.815917 -1309.087890
 13.000000 7.232359 1000000.000000 9408.928174 81 0 451515435 44 -202.409873 -1417.542454
 13.000000 7.204444 1000000.000000 9082.798381 80 0 435587776 42 -220.937691 -1376.048789
 13.000000 7.226155 1000000.000000 9350.123784 80 1 448737045 42 -263.577057 -1372.969376
 13.000000 7.226155 1000000.000000 9336.459281 80 0 448526330 48 -23.626254 -1271.803211
 13.000000 7.272710 1000000.000000 9880.327849 80 0 474442028 42 -278.997048 -1389.087705
 13.000000 7.173446 1000000.000000 8731.879618 80 0 419064328 52 -31.068269 -1276.873322
 13.000000 7.133178 1000000.000000 8254.651387 80 0 395399756 46 -155.376185 -1376.703293
 13.000000 7.235462 1000000.000000 9458.266026 80 0 454429210 52 -62.493782 -1287.912269
 13.000000 7.195142 1000000.000000 8991.973658 80 0 432688661 44 -240.979055 -1395.857614
 13.000000 7.300666 1000000.000000 10212.315912 80 0 490836203 44 -305.819151 -1416.329136
 13.000000 7.272710 1000000.000000 9873.593636 80 0 474154848 44 -137.270312 -1410.905837
 13.000000 7.282027 1000000.000000 9984.666396 81 0 479706836 44 -210.406360 -1427.277308
 13.000000 7.313095 1000000.000000 10363.284660 80 0 498667750 52 -96.772637 -1301.730975
 13.000000 7.232359 1000000.000000 9427.815930 80 2 452435528 46 -295.057062 -1381.380657
 13.000000 7.288239 1000000.000000 10057.953912 80 0 483124585 44 -186.388827 -1413.918392
 13.000000 7.185843 1000000.000000 8888.779000 80 0 426219587 44 -354.053455 -1394.053455
 13.000000 7.257187 1000000.000000 9714.648162 80 0 466393639 42 -299.550823 -1386.122692
 13.000000 7.244772 1000000.000000 9547.325099 80 1 458198426 40 -111.512791 -1383.751369
 13.000000 7.291345 1000000.000000 10115.323399 80 1 486191847 40 -282.276801 -1392.646983
 13.000000 7.278921 1000000.000000 9964.202697 80 0 478780485 44 -325.321529 -1412.110742
 13.000000 7.176545 1000000.000000 8748.814841 80 0 419413290 44 -77.656971 -1392.249645
 13.000000 7.241668 1000000.000000 9537.749042 80 2 457712265 40 -335.916965 -1375.916965
 13.000000 7.192042 1000000.000000 8933.847031 80 2 428318728 42 -89.693867 -1359.295978
 13.000000 7.207545 1000000.000000 9109.325766 80 0 437825762 52 -12.565741 -1282.942983
 13.000000 7.269605 1000000.000000 9857.473729 80 1 473329670 42 -294.528967 -1381.225021
 13.000000 7.161052 1000000.000000 8578.084790 80 0 411059705 42 -99.708318 -1367.760913
 13.000000 7.126986 1000000.000000 8181.633726 80 1 391826795 44 -131.793869 -1375.508222
 13.000000 7.257187 1000000.000000 9703.475918 80 0 465938053 42 -252.978954 -1386.122692
 13.000000 7.201343 1000000.000000 9067.453763 80 0 434871107 42 -266.436402 -1375.456550
 13.000000 7.219951 1000000.000000 9280.163575 80 1 445412207 44 -284.151199 -1393.450457
 13.000000 7.238565 1000000.000000 9489.719110 80 1 455574969 44 -287.464590 -1397.043067
 13.000000 7.213747 1000000.000000 9185.903548 81 1 440727366 44 -122.993359 -1406.680724
 13.000000 7.195142 1000000.000000 8974.941535 80 0 430347618 42 -104.515070 -1374.272187
 13.000000 7.257187 1000000.000000 9686.681898 81 0 465692901 44 -113.263348 -1422.408626
 13.000000 7.278921 1000000.000000 9944.555531 80 0 479116388 44 -114.770068 -1412.110742
 13.000000 7.263396 1000000.000000 9775.562295 80 0 469448118 44 -299.147834 -1409.098770
 13.000000 7.309988 1000000.000000 10313.467255 80 0 495881946 44 -260.387910 -1418.137601
 13.000000 7.341074 1000000.000000 10676.284176 80 0 516369976 62 -33.634245 -1358.098682
 13.000000 7.303773 1000000.000000 10243.450363 81 1 492514574 44 -277.160236 -1424.235691
 13.000000 7.244772 1000000.000000 9575.174157 80 1 459594956 44 -288.569338 -1398.240912
 13.000000 7.210646 1000000.000000 9155.871942 80 0 440043371 50 -14.383977 -1261.863046
 13.000000 7.182743 1000000.000000 8853.415902 80 0 425122714 50 -10.756593 -1256.980029
 13.000000 7.213747 1000000.000000 9186.373359 80 1 441045443 48 -14.787149 -1262.405778
 13.000000 7.359735 1000000.000000 10878.524071 80 1 523495142 42 -144.161630 -1398.349722
 13.000000 7.260291 1000000.000000 9748.831379 81 1 468133392 44 -269.550959 -1415.756783
 13.000000 7.291345 1000000.000000 10092.912055 81 0 486031633 44 -188.449892 -1429.103711
 13.000000 7.195142 1000000.000000 8996.180690 81 0 431515470 52 -81.295639 -1295.125621
 13.000000 7.278921 1000000.000000 9949.055810 80 1 477954759 40 -280.090158 -1390.273978
 13.000000 7.288239 1000000.000000 10050.069108 80 0 483804936 44 -186.388827 -1413.918392
 13.000000 7.176545 1000000.000000 8751.548252 80 0 419502938 44 -48.950793 -1363.543467
 13.000000 7.223052 1000000.000000 9292.518808 80 0 445868186 44 -130.119558 -1401.272182
 13.000000 7.229257 1000000.000000 9360.508422 80 0 449159118 42 -63.032658 -1380.788075
 13.000000 7.282027 1000000.000000 9983.587279 80 0 479468750 44 -208.842306 -1412.713253
 13.000000 7.192042 1000000.000000 8938.258814 80 0 428562000 42 -104.077952 -1373.680062
 13.000000 7.182743 1000000.000000 8831.888921 80 1 423508293 44 -162.959682 -1386.269403
 13.000000 7.269605 1000000.000000 9836.951495 80 0 472423559 44 -113.475147 -1410.303442
 13.000000 7.247875 1000000.000000 9603.989848 80 0 460986212 42 -297.865391 -1384.344142
 13.000000 7.229257 1000000.000000 9394.597847 80 0 451142355 52 -38.491172 -1286.807734
 13.000000 7.322420 1000000.000000 10472.802877 80 0 503827976 52 -74.493927 -1303.390717
 13.000000 7.185843 1000000.000000 8882.411774 80 0 425928562 44 -285.265817 -1394.053455
 13.000000 7.219951 1000000.000000 9252.989498 80 1 443872182 44 -76.253424 -1393.450457
 13.000000 7.344184 1000000.000000 10699.829526 80 1 514753173 44 -163.939187 -1417.427453
 13.000000 7.266500 1000000.000000 9820.701594 80 0 473518375 48 -52.244061 -1278.904079
 13.000000 7.300666 1000000.000000 10215.089935 80 0 490968975 44 -305.819151 -1416.329136
 13.000000 7.216849 1000000.000000 9224.848547 80 1 442646681 44 -122.009383 -1392.851824
 13.000000 7.378404 1000000.000000 11111.601222 80 0 536286135 62 -62.192523 -1365.004745
 13.000000 7.282027 1000000.000000 10005.968142 80 0 481884238 52 -68.919737 -1296.200820
 13.000000 7.244772 1000000.000000 9542.212700 80 0 458089171 44 -29.044161 -1231.611166
 13.000000 7.161052 1000000.000000 8593.521585 80 0 411819999 44 -326.438810 -1389.244069
 13.000000 7.362846 1000000.000000 10934.817002 80 0 526856939 46 -333.400876 -1421.029340
 13.000000 7.328637 1000000.000000 10547.433532 80 0 508644318 44 -394.755582 -1421.755582
 13.000000 7.313095 1000000.000000 10354.670909 81 1 498503551 44 -325.922643 -1426.053596
 13.000000 7.210646 1000000.000000 9169.904246 80 0 439828034 44 -312.758860 -1398.865319
 13.000000 7.241668 1000000.000000 9534.862839 80 0 457605164 44 -318.466956 -1404.883638
 13.000000 7.369069 1000000.000000 10999.629430 80 2 530146452 42 -257.372627 -1392.754003
 13.000000 7.071293 1000000.000000 7524.744724 80 0 360523528 44 -5.624521 -1202.119767
 13.000000 7.170347 1000000.000000 8684.812865 80 1 416341366 44 -115.359607 -1383.876952
 13.000000 6.984787 1000000.000000 6518.534040 80 0 311681875 44 -45.946309 -1327.109620
 13.000000 7.207545 1000000.000000 9140.692467 80 1 438471249 44 -364.056156 -1391.056156
 13.000000 7.114604 1000000.000000 8055.872210 80 0 385774911 44 -249.941068 -1380.233145
 13.000000 7.235462 1000000.000000 9462.557309 80 1 454354818 46 -302.854118 -1389.208740
 13.000000 7.185843 1000000.000000 8881.548117 80 0 425852449 44 -285.265817 -1394.053455
 13.000000 7.235462 1000000.000000 9437.169338 80 0 453100039 52 -39.316471 -1287.912269
 13.000000 7.223052 1000000.000000 9307.987314 81 0 446670292 46 -286.149447 -1408.495234
 13.000000 7.219951 1000000.000000 9255.599366 80 0 445608307 52 -37.253424 -1285.151199
 13.000000 7.266500 1000000.000000 9797.825825 80 1 470552402 42 -107.310062 -1380.635085
 13.000000 7.229257 1000000.000000 9365.272731 81 0 449311136 46 -125.242256 -1409.705102
 13.000000 7.300666 1000000.000000 10221.352818 80 1 491269157 44 -298.518485 -1409.028470
 13.000000 7.170347 1000000.000000 8682.016269 80 1 416297388 44 -115.359607 -1383.876952
 13.000000 7.130082 1000000.000000 8230.036034 80 0 394319426 42 -253.894352 -1361.845575
 13.000000 7.238565 1000000.000000 9468.961176 80 0 454413321 44 -85.967725 -1404.281632
 13.000000 7.260291 1000000.000000 9736.915202 80 1 467501019 44 -291.331833 -1401.236200
 13.000000 7.309988 1000000.000000 10315.995341 80 1 497549567 42 -278.247836 -1388.897651
 13.000000 7.188942 1000000.000000 8906.626715 81 0 427044944 44 -195.419707 -1409.032687
 13.000000 7.244772 1000000.000000 9558.992482 80 2 458896021 44 -258.100709 -1390.996140
 13.000000 7.210646 1000000.000000 9173.317050 80 0 440069744 44 -289.705630 -1398.865319
 13.000000 7.213747 1000000.000000 9209.836972 80 0 442511739 48 -22.000897 -1269.619525
 13.000000 7.297559 1000000.000000 10154.355697 80 1 488190628 44 -86.575310 -1408.428833
 13.000000 7.257187 1000000.000000 9693.557451 80 1 465426020 44 -127.777722 -1400.637066
 13.000000 7.306880 1000000.000000 10274.482381 80 0 493915341 42 -167.338896 -1395.614100
 13.000000 7.198243 1000000.000000 9032.374145 80 0 433105973 44 -310.476651 -1396.459077
 13.000000 7.334855 1000000.000000 10614.865204 80 1 510692541 44 -351.952757 -1415.627032
 13.000000 7.232359 1000000.000000 9419.334672 80 1 451978505 44 -216.874592 -1395.845376
 13.000000 7.210646 1000000.000000 9165.534221 80 2 439677528 46 -245.020462 -1377.233381
 13.000000 7.210646 1000000.000000 9159.415828 80 1 439244521 44 -213.335294 -1391.654673
 13.000000 7.219951 1000000.000000 9287.390928 80 0 445543975 42 -292.811051 -1379.010556
 13.000000 7.198243 1000000.000000 9033.878337 81 0 433287522 46 -350.657320 -1403.657320
 13.000000 7.198243 1000000.000000 9004.254099 80 1 431812238 44 -119.348701 -1389.260835
 13.000000 7.235462 1000000.000000 9438.645400 80 1 452973128 40 -110.200168 -1381.973278
 13.000000 7.238565 1000000.000000 9500.436086 80 0 456229798 44 -294.703155 -1404.281632
 13.000000 7.254083 1000000.000000 9653.207698 80 0 463486380 44 -134.587915 -1407.292052
 13.000000 7.250979 1000000.000000 9614.694298 80 4 461523277 40 -67.380183 -1363.184017
 13.000000 7.313095 1000000.000000 10342.632560 80 0 497115901 44 -237.347640 -1418.740501
 13.000000 7.313095 1000000.000000 10357.420293 80 2 498657906 40 -278.791689 -1389.488119
 13.000000 7.278921 1000000.000000 9956.234070 80 0 479036069 62 -25.865169 -1346.600450
 13.000000 7.294452 1000000.000000 10122.058664 80 0 486520476 52 -70.634375 -1298.412454
 13.000000 7.040380 1000000.000000 7169.324349 80 0 342979551 42 -60.491697 -1344.712604
 13.000000 7.204444 1000000.000000 9097.318083 80 0 436569971 52 -35.191042 -1282.391018
 13.000000 7.123890 1000000.000000 8154.785407 80 0 390591930 44 -206.317938 -1382.034634
 13.000000 7.250979 1000000.000000 9637.718419 80 1 462687584 42 -337.685975 -1377.685975
 13.000000 7.272710 1000000.000000 9895.467275 80 2 475331531 40 -295.087890 -1381.814995
 13.000000 7.213747 1000000.000000 9199.871034 80 1 441344532 44 -236.909547 -1392.253229
 13.000000 7.247875 1000000.000000 9603.352710 80 2 460931320 44 -281.873891 -1391.592017
 13.000000 7.170347 1000000.000000 8679.683961 80 0 416375971 46 -40.507872 -1240.470014
 13.000000 7.213747 1000000.000000 9189.811161 80 1 440966643 40 -153.275843 -1377.825735
 13.000000 7.269605 1000000.000000 9843.161047 80 0 472826680 44 -271.180940 -1381.225021
 13.000000 7.219951 1000000.000000 9261.912433 80 0 444345768 44 -198.972138 -1400.670408
 13.000000 7.210646 1000000.000000 9144.862276 80 0 438676955 42 -60.594623 -1377.233381
 13.000000 7.176545 1000000.000000 8769.132229 80 1 420528277 44 -253.542209 -1385.073100
 13.000000 7.176545 1000000.000000 8758.228603 80 1 419907070 44 -116.245872 -1385.073100
 13.000000 7.344184 1000000.000000 10715.663512 80 1 515508664 44 -329.985616 -1417.427453
 13.000000 7.176545 1000000.000000 8760.841899 80 0 420010654 42 -216.306397 -1370.720011
 13.000000 7.198243 1000000.000000 9031.897472 80 0 433193077 44 -287.485437 -1396.459077
 13.000000 7.257187 1000000.000000 9712.730135 81 1 466250374 44 -315.579571 -1415.151439
 13.000000 7.313095 1000000.000000 10341.696748 80 1 497206621 44 -159.338114 -1411.427406
 13.000000 7.288239 1000000.000000 10053.156576 81 1 482804431 46 -220.271218 -1413.918392
 13.000000 7.188942 1000000.000000 8910.915727 80 0 427147157 44 -239.931245 -1394.654802
 13.000000 7.210646 1000000.000000 9170.933214 80 0 439880781 44 -312.758860 -1398.865319
 13.000000 7.170347 1000000.000000 8704.306342 80 0 417233615 44 -282.492095 -1391.047298
 13.000000 7.238565 1000000.000000 9486.997669 80 0 455781657 52 -39.729160 -1288.464590
 13.000000 7.229257 1000000.000000 9362.765120 80 0 449286821 44 -107.866714 -1402.475845
 13.000000 7.117699 1000000.000000 8074.790929 81 0 386749678 44 -116.184051 -1395.069000
 13.000000 7.344184 1000000.000000 10693.493933 80 1 514658040 42 -70.743880 -1395.394902
 13.000000 7.285133 1000000.000000 10029.494476 80 0 482986473 62 -26.641626 -1347.749606
 13.000000 7.291345 1000000.000000 10093.902912 80 0 485153477 44 -233.780656 -1414.521020
 13.000000 7.263396 1000000.000000 9791.148245 80 0 470559955 52 -89.665588 -1292.884438
 13.000000 7.291345 1000000.000000 10085.192428 80 0 484942218 52 -46.748946 -1297.859492
 13.000000 7.204444 1000000.000000 9091.065362 80 0 436124984 44 -288.595462 -1397.662121
 13.000000 7.247875 1000000.000000 9576.937363 80 1 459903441 44 -79.967387 -1398.839892
 13.000000 7.325528 1000000.000000 10490.006597 80 0 504375843 42 -288.292979 -1399.175904
 13.000000 7.356625 1000000.000000 10865.148987 80 0 523143664 44 -339.618934 -1427.185180
 13.000000 7.238565 1000000.000000 9494.582433 81 0 455825788 44 -272.987460 -1418.758762
 13.000000 7.269605 1000000.000000 9850.180627 80 0 473159758 44 -224.484886 -1381.225021
 13.000000 7.353514 1000000.000000 10813.766050 80 0 520133519 42 -245.683341 -1404.521194
 13.000000 7.303773 1000000.000000 10225.391823 80 0 491431589 44 -65.490461 -1387.716827
 13.000000 7.120794 1000000.000000 8124.253733 80 0 389479255 52 -46.669617 -1267.501389
 13.000000 7.291345 1000000.000000 10087.377490 80 0 484995119 42 -141.536437 -1392.646983
 13.000000 7.244772 1000000.000000 9571.610531 80 0 459491816 44 -319.037968 -1405.485684
 13.000000 7.247875 1000000.000000 9595.634229 80 1 460591229 40 -228.147265 -1384.344142
 13.000000 7.130082 1000000.000000 8228.305541 80 0 394119954 44 -184.682965 -1383.235819
 13.000000 7.294452 1000000.000000 10134.730227 80 0 487256860 42 -259.351290 -1393.240330
 13.000000 7.154856 1000000.000000 8510.758507 80 1 407780195 44 -135.918723 -1380.887253
 13.000000 7.393967 1000000.000000 11293.140426 80 1 544553226 44 -291.156249 -1427.035584
 13.000000 7.223052 1000000.000000 9308.010850 80 0 446586228 44 -245.695870 -1401.272182
 13.000000 7.049652 1000000.000000 7290.032472 80 0 348785049 42 -144.795337 -1318.284891
 13.000000 7.303773 1000000.000000 10241.493517 80 2 492160012 44 -291.767781 -1402.324373
 13.000000 7.238565 1000000.000000 9468.980442 80 1 454483825 42 -57.013465 -1375.327371
 13.000000 7.269605 1000000.000000 9857.351941 80 2 473395639 40 -271.180940 -1381.225021
 13.000000 7.238565 1000000.000000 9478.183645 80 0 454913753 44 -178.739027 -1404.281632
 13.000000 7.322420 1000000.000000 10452.597302 80 0 502973974 52 -50.881828 -1303.390717
 13.000000 7.300666 1000000.000000 10197.786355 80 1 490472006 50 -18.785868 -1270.315823
 13.000000 7.362846 1000000.000000 10912.943961 80 0 525697600 44 -102.621407 -1428.392186
 13.000000 7.282027 1000000.000000 9975.855738 80 0 479096220 44 -115.201764 -1412.713253
 13.000000 7.334855 1000000.000000 10613.858978 80 0 510264151 42 -337.283047 -1400.957322
 13.000000 7.300666 1000000.000000 10222.092643 80 0 491750932 44 -352.825807 -1416.329136
 13.000000 7.297559 1000000.000000 10174.261787 80 2 489327520 40 -252.584982 -1386.536157
 13.000000 7.164150 1000000.000000 8621.662479 80 0 413197624 40 -198.592306 -1375.516807
 13.000000 7.266500 1000000.000000 9808.467421 81 1 471111953 44 -223.972574 -1416.967587
 13.000000 7.303773 1000000.000000 10237.435251 80 0 493874664 44 -188.781008 -1416.931919
 13.000000 7.185843 1000000.000000 8879.785822 80 0 425826605 42 -240.779076 -1372.495927
 13.000000 7.282027 1000000.000000 9981.301454 80 0 480280085 52 -68.919737 -1296.200820
 13.000000 7.294452 1000000.000000 10145.196987 80 0 487626668 44 -304.706906 -1415.123686
 13.000000 7.282027 1000000.000000 9978.622126 80 0 479337289 44 -115.201764 -1412.713253
 13.000000 7.114604 1000000.000000 8033.668883 80 1 384646836 44 -107.388349 -1373.118541
 13.000000 7.133178 1000000.000000 8276.758673 80 0 396574720 44 -275.838805 -1383.836470
 13.000000 7.223052 1000000.000000 9300.175905 80 0 446194152 44 -130.119558 -1401.272182
 13.000000 7.216849 1000000.000000 9220.895970 80 0 442376325 40 -91.708290 -1385.634975
 13.000000 7.226155 1000000.000000 9356.181039 80 0 449417628 52 -38.078563 -1286.255520
 13.000000 7.266500 1000000.000000 9814.908638 80 2 471286196 44 -285.170579 -1395.168086
 13.000000 7.207545 1000000.000000 9125.047739 80 2 438207289 48 -6.773286 -1254.112804
 13.000000 7.297559 1000000.000000 10165.641604 80 1 488484017 42 -135.146014 -1386.536157
 13.000000 7.266500 1000000.000000 9806.876807 81 0 470946473 44 -161.241567 -1424.234087
 13.000000 7.275816 1000000.000000 9909.391632 80 0 475926159 42 -139.269111 -1389.680823
 13.000000 7.192042 1000000.000000 8962.473158 80 0 429844217 44 -286.375555 -1395.256189
 13.000000 7.182743 1000000.000000 8839.595128 80 0 423732260 40 -201.604370 -1379.086660
 13.000000 7.257187 1000000.000000 9716.370251 80 0 467823200 52 -42.205853 -1291.779263
 13.000000 7.120794 1000000.000000 8107.218097 80 0 388303998 44 -137.998354 -1381.434099
 13.000000 7.192042 1000000.000000 8941.175339 80 0 429546728 48 -42.117740 -1265.799429
 13.000000 7.232359 1000000.000000 9399.951008 80 1 451031921 44 -77.903808 -1395.845376
 13.000000 7.139371 1000000.000000 8320.151213 80 1 398557432 44 -133.626843 -1377.898518
 13.000000 7.400193 1000000.000000 11351.669729 81 0 547738618 44 -205.430147 -1450.437877
 13.000000 7.263396 1000000.000000 9785.469077 80 0 469843588 42 -300.674625 -1387.308583
 13.000000 7.250979 1000000.000000 9626.771746 80 1 462194847 46 -259.168356 -1392.187933
 13.000000 7.241668 1000000.000000 9536.628234 80 0 457659961 44 -318.466956 -1404.883638
 13.000000 7.247875 1000000.000000 9578.717021 80 0 459897854 42 -88.711012 -1384.344142
 13.000000 7.198243 1000000.000000 9021.438893 80 0 432679398 44 -189.718827 -1367.666107
 13.000000 7.012576 1000000.000000 6860.177024 81 0 328116677 44 -100.836061 -1374.464849
 13.000000 7.176545 1000000.000000 8774.584435 80 0 420704698 44 -283.601476 -1392.249645
 13.000000 7.325528 1000000.000000 10503.775832 80 0 505236987 42 -311.920621 -1399.175904
 13.000000 7.192042 1000000.000000 8947.160699 80 0 428965601 44 -217.494922 -1395.256189
 13.000000 7.303773 1000000.000000 10247.693455 80 0 492498541 44 -306.375327 -1416.931919
 13.000000 7.306880 1000000.000000 10293.501833 80 0 495206523 42 -355.614100 -1395.614100
 13.000000 7.226155 1000000.000000 9353.948102 80 1 448811813 42 -286.707830 -1372.969376
 13.000000 7.285133 1000000.000000 10009.611210 80 2 481068551 40 -63.067291 -1384.175271
 13.000000 7.229257 1000000.000000 9381.909284 81 1 450133165 48 -249.661450 -1395.246588
 13.000000 7.303773 1000000.000000 10224.487194 80 0 491734812 50 -26.490461 -1278.160236
 13.000000 7.263396 1000000.000000 9777.586728 81 0 469634630 44 -323.991604 -1423.625561
 13.000000 7.210646 1000000.000000 9171.742857 80 1 439936076 44 -259.441754 -1391.654673
 13.000000 7.126986 1000000.000000 8178.837848 80 0 392809066 52 -24.889085 -1268.603438
 13.000000 7.130082 1000000.000000 8232.931818 80 0 395033397 50 -3.910601 -1247.764270
 13.000000 7.210646 1000000.000000 9174.485923 80 0 440007223 44 -289.705630 -1398.865319
 13.000000 7.278921 1000000.000000 9971.580723 80 1 479010040 42 -296.205843 -1382.995057
 13.000000 7.216849 1000000.000000 9245.223982 80 0 443473341 44 -290.815941 -1400.068673
 13.000000 7.241668 1000000.000000 9508.325274 80 0 456459231 40 -95.108549 -1390.400302
 13.000000 7.235462 1000000.000000 9435.144813 80 1 452766036 44 -101.493782 -1396.444202
 13.000000 7.300666 1000000.000000 10215.796237 80 1 491258695 40 -307.420482 -1394.427139
 13.000000 7.235462 1000000.000000 9439.763730 80 0 453015832 44 -155.083866 -1403.679664
 13.000000 7.365957 1000000.000000 10961.227674 81 1 527585677 44 -288.042555 -1436.361704
 13.000000 7.046561 1000000.000000 7259.130887 80 1 347356144 40 -216.961941 -1345.893163
 13.000000 7.275816 1000000.000000 9935.368192 80 0 477307094 42 -279.543585 -1389.680823
 13.000000 7.216849 1000000.000000 9247.939925 80 0 444630416 52 -36.840894 -1284.599092
 13.000000 7.260291 1000000.000000 9723.077551 80 0 466937424 44 -112.180476 -1408.496492
 13.000000 7.288239 1000000.000000 10071.566298 80 1 483864934 44 -319.747762 -1406.630153
 13.000000 7.099131 1000000.000000 7857.188582 80 0 376194974 44 -112.274880 -1377.231436
 13.000000 7.297559 1000000.000000 10171.061325 80 1 488723057 42 -276.072776 -1386.536157
 13.000000 7.176545 1000000.000000 8772.835905 80 0 420764382 44 -306.484199 -1392.249645
 13.000000 7.309988 1000000.000000 10320.448636 80 0 496191108 44 -331.037725 -1418.137601
 13.000000 7.176545 1000000.000000 8757.642689 80 0 419819437 44 -146.305140 -1392.249645
 13.000000 7.303773 1000000.000000 10253.108652 81 0 493136772 52 -50.009325 -1314.679100
 13.000000 7.331746 1000000.000000 10578.296002 80 0 508900460 44 -335.041256 -1422.358715
 13.000000 7.235462 1000000.000000 9442.766962 80 0 453104360 44 -155.083866 -1403.679664
 13.000000 7.247875 1000000.000000 9585.110900 80 0 460094905 44 -180.172764 -1406.087768
 13.000000 7.241668 1000000.000000 9526.012411 80 0 457347648 44 -295.258615 -1404.883638
 13.000000 7.055834 1000000.000000 7349.026657 80 0 351618824 40 -114.207591 -1354.720119
 13.000000 7.241668 1000000.000000 9510.015885 80 1 456831595 44 -119.800226 -1368.675297
 13.000000 7.316203 1000000.000000 10371.082352 80 1 499678964 50 -20.790225 -1273.019374
 13.000000 7.285133 1000000.000000 10038.649386 80 0 482723742 52 -45.922690 -1296.753675
 13.000000 7.269605 1000000.000000 9843.533381 80 0 472910120 44 -300.259362 -1410.303442
 13.000000 7.192042 1000000.000000 8958.071972 80 0 429668982 44 -286.375555 -1395.256189
 13.000000 7.241668 1000000.000000 9527.598466 80 1 457279719 44 -241.600264 -1397.641970
 13.000000 7.319311 1000000.000000 10429.882082 81 1 501550603 44 -279.879500 -1427.265728
 13.000000 7.154856 1000000.000000 8511.706491 80 0 407783102 42 -235.480416 -1366.577541
 13.000000 7.223052 1000000.000000 9294.869371 80 1 445871160 44 -99.781243 -1394.049129
 13.000000 7.123890 1000000.000000 8136.917765 80 0 389666091 44 -70.601242 -1382.034634
 13.000000 7.080570 1000000.000000 7642.714951 80 0 365806696 40 -140.246703 -1359.469519
 13.000000 7.102225 1000000.000000 7906.228316 80 0 378573278 42 -226.480519 -1356.525025
 13.000000 7.204444 1000000.000000 9090.099566 80 0 435925059 42 -266.982130 -1376.048789
 13.000000 7.254083 1000000.000000 9663.137958 80 2 464772177 44 -189.890991 -1392.783886
 13.000000 7.226155 1000000.000000 9350.869362 81 0 448762142 44 -376.326303 -1416.326303
 13.000000 7.216849 1000000.000000 9217.195948 80 0 442959984 52 -36.840894 -1284.599092
 13.000000 7.198243 1000000.000000 9010.696242 80 1 432103044 44 -188.322341 -1389.260835
 13.000000 7.247875 1000000.000000 9581.492392 81 0 460734456 44 -135.189763 -1420.583518
 13.000000 7.161052 1000000.000000 8585.315319 80 0 411462022 44 -258.023031 -1389.244069
 13.000000 7.247875 1000000.000000 9580.990364 80 1 459897223 44 -79.967387 -1398.839892
 13.000000 7.275816 1000000.000000 9904.608887 80 1 475708598 44 -83.683505 -1404.232454
 13.000000 7.142467 1000000.000000 8367.989726 80 0 400926103 44 -186.652300 -1385.638655
 13.000000 7.275816 1000000.000000 9918.922019 80 1 476512987 44 -294.095217 -1404.232454
 13.000000 7.241668 1000000.000000 9504.032627 80 0 456121769 44 -86.383544 -1404.883638
 13.000000 7.269605 1000000.000000 9861.184127 80 0 473649852 44 -323.607389 -1410.303442
 13.000000 6.975528 1000000.000000 6418.581868 80 1 306787397 44 -109.378186 -1346.276959
 13.000000 7.092943 1000000.000000 7776.272061 80 0 372257416 44 -66.454418 -1376.031023
 13.000000 7.257187 1000000.000000 9709.996348 81 0 466218613 44 -322.836757 -1422.408626
 13.000000 6.997136 1000000.000000 6685.847675 80 1 319608351 44 -156.547463 -1350.447217
 13.000000 7.238565 1000000.000000 9472.610134 80 0 454646747 42 -87.444855 -1382.565937
 13.000000 7.204444 1000000.000000 9092.803820 80 1 436076369 42 -236.755467 -1368.844345
 13.000000 7.325528 1000000.000000 10486.311185 80 1 504255078 44 -137.550546 -1413.826960
 13.000000 7.297559 1000000.000000 10162.831978 81 0 488184069 48 -204.014278 -1444.916626
 13.000000 7.185843 1000000.000000 8874.857023 80 0 425533682 42 -194.920651 -1372.495927
 13.000000 7.250979 1000000.000000 9634.446702 80 0 462399735 42 -298.427166 -1384.936954
 13.000000 7.068201 1000000.000000 7506.161539 81 0 359187496 44 -265.344307 -1385.367316
 13.000000 7.297559 1000000.000000 10174.799380 80 0 491951764 62 -28.194840 -1350.048363
 13.000000 7.254083 1000000.000000 9659.758286 81 1 463664610 50 -182.636908 -1421.800217
 13.000000 7.313095 1000000.000000 10340.773257 80 0 497047416 44 -166.651209 -1418.740501
 13.000000 7.254083 1000000.000000 9658.554081 80 0 463844350 44 -181.128742 -1407.292052
 13.000000 7.272710 1000000.000000 9899.720138 80 0 475776678 44 -300.815179 -1410.905837
 13.000000 7.235462 1000000.000000 9467.607673 80 1 454310128 44 -286.912269 -1396.444202
 13.000000 7.337964 1000000.000000 10629.350511 81 0 511694678 44 -172.032628 -1438.241027
 13.000000 7.282027 1000000.000000 10007.978715 80 1 480732599 42 -267.636766 -1354.457037
 13.000000 7.210646 1000000.000000 9172.876515 80 1 440191500 42 -260.863046 -1370.022735
 13.000000 7.260291 1000000.000000 9754.988753 80 0 468807878 52 -42.618729 -1292.331833
 13.000000 7.204444 1000000.000000 9089.946886 80 1 436049818 42 -259.777686 -1368.844345
 13.000000 7.337964 1000000.000000 10645.559565 80 1 512478991 40 -314.171561 -1401.551205
 13.000000 7.213747 1000000.000000 9187.480836 80 0 440761422 42 -130.207106 -1377.825735
