 13.000000 7.170347 1000000.000000 8690.262059 80 0 413607471 40 -268.151401 -1376.706605
 13.000000 7.334855 1000000.000000 10617.337138 80 0 506903203 44 -335.613336 -1422.961887
 13.000000 7.266500 1000000.000000 9822.836048 80 0 468427786 44 -323.036082 -1409.701087
 13.000000 7.213747 1000000.000000 9212.878346 80 0 438818298 44 -313.329504 -1399.466977
 13.000000 7.285133 1000000.000000 10024.602057 81 0 478114670 44 -304.609074 -1427.886069
 13.000000 7.341074 1000000.000000 10688.706111 80 0 510652381 44 -313.052239 -1424.168348
 13.000000 7.185843 1000000.000000 8861.289668 80 0 422033402 44 -78.902902 -1394.053455
 13.000000 7.192042 1000000.000000 8942.470398 80 0 425800789 44 -263.415344 -1395.256189
 13.000000 7.288239 1000000.000000 10077.304901 80 0 481272252 62 -50.471087 -1348.324240
 13.000000 7.216849 1000000.000000 9249.293407 80 0 440621559 44 -373.068673 -1400.068673
 13.000000 7.099131 1000000.000000 7870.631947 81 0 374197180 44 -293.438387 -1391.429698
 13.000000 7.250979 1000000.000000 9627.576384 80 0 460088962 62 -45.627246 -1341.431081
 13.000000 7.291345 1000000.000000 10102.607411 80 0 481920247 42 -305.733529 -1392.646983
 13.000000 7.316203 1000000.000000 10397.117035 80 0 496194057 44 -332.181406 -1419.343439
 13.000000 7.356625 1000000.000000 10867.600297 80 0 519059996 44 -339.618934 -1427.185180
 13.000000 7.303773 1000000.000000 10251.846397 80 0 489110649 44 -329.894191 -1416.931919
 13.000000 7.179644 1000000.000000 8818.174569 81 0 419775192 44 -308.413727 -1407.210164
 13.000000 7.176545 1000000.000000 8780.543188 80 0 417999443 44 -306.484199 -1392.249645
 13.000000 7.359735 1000000.000000 10903.103497 80 0 523111862 44 -316.392633 -1427.788664
 13.000000 7.291345 1000000.000000 10093.372670 80 0 481488412 44 -210.323928 -1414.521020
 13.000000 7.297559 1000000.000000 10169.098770 80 0 485052415 44 -305.263011 -1415.726391
 13.000000 7.185843 1000000.000000 8885.804945 80 0 423102142 40 -293.823344 -1379.681770
 13.000000 7.238565 1000000.000000 9469.012520 80 0 451593259 52 -39.729160 -1288.464590
 13.000000 7.387741 1000000.000000 11228.856492 80 0 536968010 44 -345.344355 -1433.221766
 13.000000 7.266500 1000000.000000 9818.452655 80 0 468008274 40 -285.170579 -1395.168086
 13.000000 7.260291 1000000.000000 9733.234138 80 0 464060914 44 -205.386300 -1408.496492
 13.000000 7.344184 1000000.000000 10709.450426 80 0 511888349 46 -306.264697 -1417.427453
 13.000000 7.362846 1000000.000000 10916.871351 80 0 521575775 44 -221.692565 -1428.392186
 13.000000 7.232359 1000000.000000 9417.754715 81 0 448816392 44 -295.057062 -1417.542454
 13.000000 7.369069 1000000.000000 11003.188660 80 0 525697073 44 -318.063315 -1429.599347
 13.000000 7.157954 1000000.000000 8565.819600 81 0 407831231 56 -44.639694 -1302.747622
 13.000000 7.300666 1000000.000000 10188.043690 80 0 486120962 44 -94.289197 -1416.329136
 13.000000 7.350404 1000000.000000 10776.061201 80 0 514761089 44 -195.962180 -1425.978331
 13.000000 7.254083 1000000.000000 9666.858764 80 0 460754432 46 -243.685901 -1400.037969
 13.000000 7.325528 1000000.000000 10493.048702 80 1 500719952 42 -204.410055 -1362.548262
 13.000000 7.204444 1000000.000000 9080.770229 80 0 432453167 44 -150.462144 -1397.662121
 13.000000 7.263396 1000000.000000 9756.033827 80 0 465085593 44 -65.978048 -1409.098770
 13.000000 7.157954 1000000.000000 8547.601427 80 0 407465351 52 -29.007878 -1274.115807
 13.000000 7.347294 1000000.000000 10746.705553 80 0 513325801 44 -290.429092 -1425.374964
 13.000000 7.319311 1000000.000000 10420.697819 81 0 497317196 44 -310.795368 -1434.585040
 13.000000 7.282027 1000000.000000 10000.530798 80 0 476999058 40 -287.918793 -1398.149199
 13.000000 7.238565 1000000.000000 9478.837733 80 0 451678913 44 -155.546202 -1404.281632
 13.000000 7.337964 1000000.000000 10622.638514 80 0 508196723 62 -33.245553 -1357.523418
 13.000000 7.375292 1000000.000000 11071.611243 80 0 528857493 44 -343.053743 -1430.806664
 13.000000 7.334855 1000000.000000 10613.197077 81 0 506719946 44 -313.608771 -1437.631598
 13.000000 7.319311 1000000.000000 10438.334304 80 0 498413813 42 -287.198811 -1397.988483
 13.000000 7.269605 1000000.000000 9842.831594 80 0 469421547 44 -276.911335 -1410.303442
 13.000000 7.226155 1000000.000000 9336.551140 80 0 444693005 46 -262.124747 -1394.647840
 13.000000 7.319311 1000000.000000 10410.641817 80 0 496805039 44 -143.980846 -1419.946417
 13.000000 7.353514 1000000.000000 10815.366293 80 0 517198975 44 -315.279024 -1426.581736
 13.000000 7.223052 1000000.000000 9302.547681 81 0 443338771 44 -177.796187 -1415.718287
 13.000000 7.369069 1000000.000000 10999.137188 80 0 525813025 44 -270.372627 -1429.599347
 13.000000 7.099131 1000000.000000 7866.048468 80 0 374042024 44 -157.266191 -1377.231436
 13.000000 7.334855 1000000.000000 10614.699698 80 0 507059129 44 -311.939061 -1422.961887
 13.000000 7.309988 1000000.000000 10314.015579 80 0 492544296 40 -292.867811 -1403.517626
 13.000000 7.459385 1000000.000000 12059.586710 80 0 577929187 52 -93.395143 -1327.770547
 13.000000 7.319311 1000000.000000 10423.305655 80 0 497676594 44 -156.216025 -1361.391925
 13.000000 7.306880 1000000.000000 10286.456581 81 0 491284582 54 -66.656335 -1307.931539
 13.000000 7.384629 1000000.000000 11188.161113 81 0 535152970 44 -346.540904 -1447.387189
 13.000000 7.179644 1000000.000000 8814.746252 80 0 419704415 44 -284.156221 -1392.850876
 13.000000 7.148661 1000000.000000 8428.892605 80 0 401061912 42 -97.961253 -1365.394321
 13.000000 7.397080 1000000.000000 11320.561744 81 0 541256257 44 -252.915264 -1449.827661
 13.000000 7.353514 1000000.000000 10832.284295 80 0 517443532 42 -316.986053 -1404.521194
 13.000000 7.300666 1000000.000000 10203.881649 80 0 486774108 42 -189.903841 -1394.427139
 13.000000 7.353514 1000000.000000 10825.316051 80 0 517076425 42 -263.804426 -1375.107137
 13.000000 7.300666 1000000.000000 10199.346945 80 2 486686820 40 -206.106504 -1387.126473
 13.000000 7.313095 1000000.000000 10367.653665 80 0 494909722 42 -309.670261 -1396.801215
 13.000000 7.303773 1000000.000000 10231.791201 80 0 488202976 44 -188.781008 -1416.931919
 13.000000 7.126986 1000000.000000 8182.026922 80 0 389162968 42 -117.539898 -1361.254250
 13.000000 7.353514 1000000.000000 10817.487786 81 1 516699937 44 -285.864968 -1433.935250
 13.000000 7.309988 1000000.000000 10322.183531 80 0 492945490 44 -331.037725 -1418.137601
 13.000000 7.254083 1000000.000000 9674.129751 80 0 461248284 44 -297.480811 -1407.292052
 13.000000 7.269605 1000000.000000 9838.763521 80 0 469766640 52 -43.857515 -1293.989756
 13.000000 7.282027 1000000.000000 9988.531180 80 0 476380470 40 -217.688387 -1398.149199
 13.000000 7.235462 1000000.000000 9451.923926 80 0 450328913 42 -272.441345 -1381.973278
 13.000000 7.319311 1000000.000000 10410.307724 80 0 497020290 44 -120.384288 -1419.946417
 13.000000 7.316203 1000000.000000 10385.662921 81 0 495682258 46 -255.754560 -1426.659643
 13.000000 7.210646 1000000.000000 9162.554066 80 0 436574680 52 -36.015915 -1283.494984
 13.000000 7.254083 1000000.000000 9673.382836 80 0 461118377 44 -250.939983 -1407.292052
 13.000000 7.223052 1000000.000000 9322.222939 80 0 444364832 44 -291.926394 -1401.272182
 13.000000 7.241668 1000000.000000 9514.445733 80 0 453479597 44 -272.050274 -1404.883638
 13.000000 7.397080 1000000.000000 11337.897406 80 0 543918552 50 -62.605787 -1294.488983
 13.000000 7.238565 1000000.000000 9490.341608 80 0 452283994 44 -294.703155 -1404.281632
 13.000000 7.170347 1000000.000000 8700.788131 81 0 414183423 44 -283.832789 -1405.387992
 13.000000 7.313095 1000000.000000 10351.941104 80 0 494306036 44 -284.478594 -1418.740501
 13.000000 7.275816 1000000.000000 9923.632997 80 0 473237288 44 -301.371033 -1411.508270
 13.000000 7.288239 1000000.000000 10047.281835 80 0 479670853 42 -94.200522 -1392.053675
 13.000000 7.238565 1000000.000000 9477.811441 80 0 452561573 52 -39.729160 -1288.464590
 13.000000 7.266500 1000000.000000 9813.369990 80 0 468175121 44 -299.703580 -1409.701087
 13.000000 7.362846 1000000.000000 10926.245965 80 0 522147243 42 -199.604026 -1406.303647
 13.000000 7.356625 1000000.000000 10848.107607 81 0 518831164 44 -198.633444 -1441.898430
 13.000000 7.306880 1000000.000000 10286.881291 80 0 490800972 44 -330.465939 -1417.534740
 13.000000 7.347294 1000000.000000 10733.068159 80 0 512657396 44 -124.273814 -1425.374964
 13.000000 7.297559 1000000.000000 10161.863260 80 0 484923277 50 -236.394747 -1393.833715
 13.000000 7.099131 1000000.000000 7860.706277 80 0 373829084 42 -225.951420 -1355.934042
 13.000000 7.303773 1000000.000000 10232.466285 80 0 488134213 42 -119.831961 -1395.020600
 13.000000 7.179644 1000000.000000 8806.012566 80 0 419720961 54 -24.712967 -1270.796933
 13.000000 7.226155 1000000.000000 9351.725259 80 0 445556586 42 -247.672438 -1380.195530
 13.000000 7.266500 1000000.000000 9795.848560 80 0 467174955 44 -136.376064 -1409.701087
 13.000000 7.334855 1000000.000000 10594.113350 80 0 505678294 44 -235.251090 -1393.622467
 13.000000 7.229257 1000000.000000 9361.865660 81 0 446025569 44 -109.325228 -1416.934359
 13.000000 7.247875 1000000.000000 9593.531044 80 0 457225999 44 -273.130266 -1406.087768
 13.000000 7.372180 1000000.000000 11045.374548 80 0 527943334 42 -320.364642 -1408.086445
 13.000000 7.313095 1000000.000000 10350.835543 81 0 494242958 52 -51.267874 -1316.357166
 13.000000 7.285133 1000000.000000 10019.202579 80 0 477911391 44 -162.484818 -1413.315803
 13.000000 7.266500 1000000.000000 9795.854658 80 0 467131240 44 -113.043562 -1409.701087
 13.000000 7.235462 1000000.000000 9450.331199 80 0 450645954 50 -63.964706 -1266.205883
 13.000000 7.306880 1000000.000000 10269.757217 80 0 490054093 44 -212.793937 -1417.534740
 13.000000 7.272710 1000000.000000 9866.629073 80 1 471418331 48 -22.452365 -1272.724337
 13.000000 7.353514 1000000.000000 10822.653811 81 0 517741625 46 -309.632539 -1433.935250
 13.000000 7.235462 1000000.000000 9464.195488 81 0 450887781 44 -295.618656 -1418.150589
 13.000000 7.226155 1000000.000000 9326.653518 80 0 444440236 42 -62.626254 -1380.195530
 13.000000 7.130082 1000000.000000 8216.346988 80 0 390801647 46 -109.601661 -1376.105738
 13.000000 7.285133 1000000.000000 10019.032883 80 0 477768275 44 -185.910483 -1413.315803
 13.000000 7.285133 1000000.000000 10019.851592 80 0 477934159 44 -185.910483 -1413.315803
 13.000000 7.148661 1000000.000000 8455.314673 80 0 402432538 44 -278.610385 -1386.840305
 13.000000 7.319311 1000000.000000 10407.030028 80 0 496765604 42 -98.426354 -1397.988483
 13.000000 7.257187 1000000.000000 9715.183366 80 0 463147586 44 -321.322384 -1407.894252
 13.000000 7.353514 1000000.000000 10817.493013 80 0 516745491 44 -243.976313 -1426.581736
 13.000000 7.142467 1000000.000000 8363.476274 80 0 398498836 52 -26.948150 -1271.359178
 13.000000 7.297559 1000000.000000 10155.733450 80 0 484924856 46 -80.872868 -1379.238598
 13.000000 7.306880 1000000.000000 10276.306601 80 0 490390333 44 -212.793937 -1417.534740
 13.000000 7.325528 1000000.000000 10477.477432 80 0 501367676 62 -31.691036 -1355.222734
 13.000000 7.241668 1000000.000000 9526.394424 80 0 454344796 52 -63.350217 -1289.016947
 13.000000 7.328637 1000000.000000 10522.090446 80 0 502430167 44 -192.610102 -1421.755582
 13.000000 7.387741 1000000.000000 11208.823932 80 0 536089312 42 -203.487605 -1411.058543
 13.000000 7.266500 1000000.000000 9811.369878 80 1 468122583 42 -270.637578 -1380.635085
 13.000000 7.309988 1000000.000000 10315.966288 80 0 492533083 44 -307.487787 -1418.137601
 13.000000 7.362846 1000000.000000 10939.583414 81 0 522828745 46 -311.312337 -1435.755032
 13.000000 7.393967 1000000.000000 11274.284189 81 0 539188723 44 -180.488980 -1449.217484
 13.000000 7.260291 1000000.000000 9751.734692 80 0 464945942 40 -284.071541 -1393.975909
 13.000000 7.238565 1000000.000000 9469.257914 80 0 451302824 46 -101.921986 -1397.043067
 13.000000 7.223052 1000000.000000 9298.217519 81 0 442932258 44 -131.565662 -1415.718287
 13.000000 7.198243 1000000.000000 9032.260360 80 0 430600985 52 -57.357488 -1281.287195
 13.000000 7.288239 1000000.000000 10055.865530 80 0 479889770 50 -24.471087 -1275.441848
 13.000000 7.278921 1000000.000000 9959.965041 80 0 475044785 42 -280.090158 -1390.273978
 13.000000 7.204444 1000000.000000 9089.670145 80 0 432851177 42 -197.915471 -1376.048789
 13.000000 7.170347 1000000.000000 8688.615175 80 0 413938482 52 -53.507872 -1276.321748
 13.000000 7.359735 1000000.000000 10877.174903 80 0 519741442 44 -149.801895 -1427.788664
 13.000000 7.393967 1000000.000000 11278.748015 80 0 540387135 62 -40.245844 -1367.883850
 13.000000 7.322420 1000000.000000 10459.854933 80 0 499737800 44 -309.713137 -1420.549433
 13.000000 7.269605 1000000.000000 9861.518678 80 0 470263833 40 -309.068178 -1395.764232
 13.000000 7.232359 1000000.000000 9431.598578 80 0 449381835 44 -376.077735 -1403.077735
 13.000000 7.309988 1000000.000000 10298.495141 80 2 491507549 44 -104.468306 -1403.517626
 13.000000 7.250979 1000000.000000 9635.471491 80 0 459186848 44 -320.180102 -1406.689890
 13.000000 7.238565 1000000.000000 9497.347423 80 0 452700087 44 -271.510330 -1404.281632
 13.000000 7.303773 1000000.000000 10239.758507 80 0 488556858 40 -291.767781 -1402.324373
 13.000000 7.229257 1000000.000000 9378.772325 81 0 446957188 44 -271.349221 -1416.934359
 13.000000 7.378404 1000000.000000 11111.625290 80 0 530985711 44 -343.626341 -1431.410381
 13.000000 7.213747 1000000.000000 9211.006298 80 0 438847282 44 -290.260767 -1399.466977
 13.000000 7.282027 1000000.000000 9985.558933 80 0 476298163 44 -57.483791 -1237.944604
 13.000000 7.331746 1000000.000000 10572.203504 81 0 505020196 44 -313.046018 -1437.022207
 13.000000 7.319311 1000000.000000 10406.986607 81 0 496584445 44 -122.022911 -1434.585040
 13.000000 7.400193 1000000.000000 11373.942833 80 0 543994537 44 -323.634592 -1435.637491
 13.000000 7.034200 1000000.000000 7112.664866 80 0 338000564 44 -258.121798 -1364.634798
 13.000000 7.207545 1000000.000000 9113.467756 80 0 433963513 46 -183.999631 -1362.225976
 13.000000 7.254083 1000000.000000 9678.709753 80 0 461430776 44 -297.480811 -1407.292052
 13.000000 7.176545 1000000.000000 8778.975964 80 0 417835507 42 -262.071843 -1370.720011
 13.000000 7.337964 1000000.000000 10649.800316 80 0 508609778 44 -312.495632 -1423.565098
 13.000000 7.254083 1000000.000000 9654.512241 80 0 462099302 62 -22.760343 -1342.005307
 13.000000 7.344184 1000000.000000 10712.371939 80 0 513462834 62 -34.022962 -1358.673983
 13.000000 7.300666 1000000.000000 10208.900295 80 0 488448398 42 -307.420482 -1394.427139
 13.000000 7.359735 1000000.000000 10904.588322 80 0 521034791 44 -316.392633 -1427.788664
 13.000000 7.356625 1000000.000000 10869.994183 80 0 519579074 52 -55.431077 -1309.479186
 13.000000 7.260291 1000000.000000 9727.493422 81 0 463715453 44 -137.002514 -1423.017074
 13.000000 7.204444 1000000.000000 9104.228766 81 0 433537182 44 -372.071009 -1412.071009
 13.000000 7.278921 1000000.000000 9957.361733 80 0 475133479 52 -68.491147 -1295.648001
 13.000000 7.257187 1000000.000000 9718.046215 80 0 463364457 44 -321.322384 -1407.894252
 13.000000 7.288239 1000000.000000 10047.043437 80 0 479216871 44 -139.506435 -1413.918392
 13.000000 7.325528 1000000.000000 10485.761983 80 0 500747465 42 -146.527130 -1399.175904
 13.000000 7.176545 1000000.000000 8777.208933 80 0 417905224 44 -260.718754 -1392.249645
 13.000000 7.331746 1000000.000000 10554.864070 80 0 503944395 44 -145.771418 -1422.358715
 13.000000 7.300666 1000000.000000 10196.840410 81 0 486469652 44 -166.400513 -1430.930467
 13.000000 7.353514 1000000.000000 10817.021860 80 0 517965184 62 -35.189263 -1360.400109
 13.000000 7.300666 1000000.000000 10198.376552 80 0 486724143 44 -258.812494 -1416.329136
 13.000000 7.136274 1000000.000000 8289.849969 80 0 394495913 44 -117.623459 -1384.437160
 13.000000 7.378404 1000000.000000 11113.774877 81 0 531945384 52 -60.084544 -1328.112725
 13.000000 7.179644 1000000.000000 8802.840002 80 0 419051738 44 -261.258002 -1392.850876
 13.000000 7.247875 1000000.000000 9597.281501 80 0 457430234 44 -226.651515 -1406.087768
 13.000000 7.365957 1000000.000000 10945.316356 80 0 523172803 40 -88.306385 -1414.263832
 13.000000 7.313095 1000000.000000 10334.492555 81 0 493277323 44 -121.146447 -1433.366692
 13.000000 7.288239 1000000.000000 10047.325634 81 0 479202815 44 -234.847696 -1428.494870
 13.000000 7.275816 1000000.000000 9912.323050 80 0 472922468 44 -137.717479 -1411.508270
 13.000000 7.167248 1000000.000000 8672.913882 80 0 412717170 44 -304.773700 -1390.446183
 13.000000 7.350404 1000000.000000 10774.353024 80 0 514652797 44 -148.458142 -1425.978331
 13.000000 7.313095 1000000.000000 10351.084096 80 0 494208872 42 -238.973831 -1396.801215
 13.000000 7.325528 1000000.000000 10492.365491 80 0 501184465 52 -45.620791 -1274.641923
 13.000000 7.344184 1000000.000000 10716.173113 80 0 511635862 42 -262.199595 -1373.362351
 13.000000 7.347294 1000000.000000 10736.530424 80 0 513485403 48 -39.495465 -1293.123679
 13.000000 7.372180 1000000.000000 11040.294387 80 0 527548851 40 -280.015019 -1415.458625
 13.000000 7.316203 1000000.000000 10391.229781 80 0 497407251 52 -97.217071 -1302.284187
 13.000000 7.229257 1000000.000000 9395.624940 80 0 447734795 44 -293.036991 -1402.475845
 13.000000 7.359735 1000000.000000 10884.149030 80 0 519846805 44 -167.960307 -1398.349722
 13.000000 7.384629 1000000.000000 11170.160075 80 0 534119897 44 -177.309649 -1432.617932
 13.000000 7.204444 1000000.000000 9087.078981 80 0 432881027 44 -242.551023 -1397.662121
 13.000000 7.272710 1000000.000000 9868.718308 80 0 470603430 44 -113.906759 -1410.905837
 13.000000 7.294452 1000000.000000 10122.443952 80 0 482827430 42 -95.045471 -1393.240330
 13.000000 7.337964 1000000.000000 10654.017303 80 0 508936969 44 -336.185454 -1423.565098
 13.000000 7.235462 1000000.000000 9442.863233 80 0 449941160 44 -224.615799 -1403.679664
 13.000000 7.136274 1000000.000000 8310.519369 80 0 395706988 52 -71.487185 -1270.256776
 13.000000 7.350404 1000000.000000 10769.049196 80 0 514325811 42 -197.662987 -1403.927119
 13.000000 7.316203 1000000.000000 10373.341740 80 1 495536298 48 -28.106428 -1280.335577
 13.000000 7.247875 1000000.000000 9583.877117 80 0 457286668 52 -40.967387 -1290.121766
 13.000000 7.328637 1000000.000000 10540.097542 80 0 503211021 44 -394.755582 -1421.755582
 13.000000 7.350404 1000000.000000 10795.002273 81 0 516509082 46 -332.824697 -1433.328734
 13.000000 7.372180 1000000.000000 11026.944903 80 0 526915445 44 -247.037576 -1430.202986
 13.000000 7.313095 1000000.000000 10346.960170 80 0 493826512 44 -260.913117 -1418.740501
 13.000000 7.247875 1000000.000000 9604.958782 80 0 457941752 44 -296.369641 -1406.087768
 13.000000 7.058925 1000000.000000 7383.791401 80 0 350896500 44 -106.485245 -1369.431511
 13.000000 7.369069 1000000.000000 11011.512413 80 0 526408898 50 -349.277728 -1436.968416
 13.000000 7.328637 1000000.000000 10521.263865 80 0 502666218 44 -192.610102 -1421.755582
 13.000000 7.306880 1000000.000000 10262.899926 80 0 489555032 44 -118.656335 -1417.534740
 13.000000 7.272710 1000000.000000 9884.951852 80 0 471329305 42 -278.997048 -1389.087705
 13.000000 7.425107 1000000.000000 11650.385139 80 0 557546995 44 -303.968667 -1440.470813
 13.000000 7.313095 1000000.000000 10352.114219 80 0 493961407 44 -308.044070 -1418.740501
 13.000000 7.350404 1000000.000000 10793.750301 80 0 515697147 44 -314.722274 -1425.978331
 13.000000 7.300666 1000000.000000 10215.940825 80 0 487338494 44 -305.819151 -1416.329136
 13.000000 7.337964 1000000.000000 10655.016950 80 0 510299396 62 -56.935375 -1357.523418
 13.000000 7.319311 1000000.000000 10422.974820 80 0 497434247 44 -238.367074 -1419.946417
 13.000000 7.300666 1000000.000000 10220.789079 80 0 487774894 44 -329.322479 -1416.329136
 13.000000 7.145564 1000000.000000 8393.671318 80 0 399355805 44 -96.233428 -1386.239461
 13.000000 7.297559 1000000.000000 10159.070004 80 0 484682320 44 -164.336249 -1415.726391
 13.000000 7.294452 1000000.000000 10123.993173 80 0 483061420 44 -210.817866 -1415.123686
 13.000000 7.201343 1000000.000000 9041.039532 80 0 430531496 42 -105.389390 -1375.456550
 13.000000 7.316203 1000000.000000 10402.730124 80 0 496595442 44 -332.181406 -1419.343439
 13.000000 7.356625 1000000.000000 10854.705029 80 0 518598346 46 -66.214200 -1272.696063
 13.000000 7.288239 1000000.000000 10059.946677 80 0 479895234 44 -256.712414 -1413.918392
 13.000000 7.263396 1000000.000000 9787.402284 80 0 466592584 46 -291.884438 -1401.835374
 13.000000 7.257187 1000000.000000 9705.811877 80 0 462878427 42 -229.693020 -1386.122692
 13.000000 7.369069 1000000.000000 10986.829698 80 0 525347543 50 -34.978944 -1289.587040
 13.000000 7.418878 1000000.000000 11578.904306 80 0 553931965 40 -263.952554 -1424.424493
 13.000000 7.325528 1000000.000000 10503.420332 80 0 501492319 44 -310.269564 -1421.152488
 13.000000 7.313095 1000000.000000 10350.781049 80 0 494373784 48 -35.015493 -1287.104784
 13.000000 7.409535 1000000.000000 11453.370697 80 1 547820599 52 -79.106227 -1311.487608
 13.000000 7.344184 1000000.000000 10697.846420 81 0 510804285 44 -172.971738 -1439.460004
 13.000000 7.282027 1000000.000000 9975.186376 81 0 475789072 50 -124.047845 -1434.559335
 13.000000 7.369069 1000000.000000 10982.230754 80 0 526940048 50 -34.978944 -1289.587040
 13.000000 7.337964 1000000.000000 10640.864476 80 0 508758964 52 -76.639090 -1306.157667
 13.000000 7.350404 1000000.000000 10797.936056 80 0 515888683 44 -338.474293 -1425.978331
 13.000000 7.331746 1000000.000000 10567.734749 80 0 505122516 62 -56.126974 -1356.373002
 13.000000 7.303773 1000000.000000 10230.643937 80 0 488460950 42 -143.350825 -1395.020600
 13.000000 7.285133 1000000.000000 10009.138709 80 0 477784595 52 -45.922690 -1296.753675
 13.000000 7.331746 1000000.000000 10579.000617 81 0 505135550 44 -313.046018 -1437.022207
 13.000000 7.369069 1000000.000000 10990.154970 80 0 525322677 44 -174.991251 -1429.599347
 13.000000 7.365957 1000000.000000 10966.094916 80 0 524050300 44 -317.506385 -1428.995747
 13.000000 7.350404 1000000.000000 10786.648035 81 2 516122126 44 -301.722274 -1425.978331
 13.000000 7.322420 1000000.000000 10449.619225 80 0 498679725 44 -262.488939 -1420.549433
 13.000000 7.278921 1000000.000000 9937.019413 80 0 473768032 46 -107.491147 -1404.831821
 13.000000 7.306880 1000000.000000 10280.746962 80 0 490627471 44 -330.465939 -1417.534740
 13.000000 7.306880 1000000.000000 10276.578956 80 0 490354363 44 -189.259536 -1417.534740
 13.000000 7.170347 1000000.000000 8677.020583 80 0 413077674 44 -76.826485 -1391.047298
 13.000000 7.223052 1000000.000000 9304.915046 80 0 443332300 42 -224.026712 -1379.603024
 13.000000 7.275816 1000000.000000 9910.787846 81 0 472532762 44 -279.543585 -1426.059902
 13.000000 7.300666 1000000.000000 10213.117833 80 0 487251799 42 -307.420482 -1394.427139
 13.000000 7.219951 1000000.000000 9283.764059 80 0 442411597 44 -291.371150 -1400.670408
 13.000000 7.257187 1000000.000000 9719.195131 80 0 463277098 44 -344.608318 -1407.894252
 13.000000 7.384629 1000000.000000 11184.821259 80 0 534640472 44 -344.771647 -1432.617932
 13.000000 7.365957 1000000.000000 10950.288085 80 0 523934618 60 -14.646810 -1340.604257
 13.000000 7.192042 1000000.000000 8946.769637 80 0 425988252 44 -240.455133 -1395.256189
 13.000000 7.254083 1000000.000000 9648.155438 80 0 460140692 52 -18.522591 -1291.226728
 13.000000 7.300666 1000000.000000 10220.207460 80 0 487576348 42 -283.917154 -1394.427139
 13.000000 7.272710 1000000.000000 9895.924887 81 0 471682581 44 -325.724153 -1425.451258
 13.000000 7.241668 1000000.000000 9534.821775 80 0 454526820 44 -295.258615 -1404.883638
 13.000000 7.384629 1000000.000000 11195.161088 80 0 535223400 52 -130.925020 -1314.463876
 13.000000 6.932342 1000000.000000 5927.533917 80 0 281318729 44 -153.242430 -1344.874411
 13.000000 7.204444 1000000.000000 9078.460091 80 0 432322785 40 -90.008817 -1383.253233
 13.000000 7.384629 1000000.000000 11185.737008 80 0 536048598 62 -39.078564 -1366.156275
 13.000000 7.369069 1000000.000000 11005.591782 80 0 526776801 42 -295.956109 -1407.492141
 13.000000 7.381516 1000000.000000 11143.205063 80 0 532904523 44 -176.845909 -1432.014137
 13.000000 7.353514 1000000.000000 10807.790955 80 0 516283915 44 -125.138460 -1426.581736
 13.000000 7.120794 1000000.000000 8118.042728 80 0 386125110 44 -228.414241 -1381.434099
 13.000000 7.223052 1000000.000000 9300.992139 80 0 443110010 44 -176.350082 -1401.272182
 13.000000 7.167248 1000000.000000 8646.276934 80 0 411516885 44 -144.920007 -1390.446183
 13.000000 7.356625 1000000.000000 10850.185308 80 0 518220343 46 -284.696063 -1419.828556
 13.000000 7.400193 1000000.000000 11354.573063 80 0 542996615 44 -275.632660 -1435.637491
 13.000000 7.341074 1000000.000000 10658.421161 80 0 509942319 62 -33.634245 -1358.098682
 13.000000 7.254083 1000000.000000 9660.135648 80 0 460451479 42 -136.096080 -1385.529804
 13.000000 7.288239 1000000.000000 10058.796057 80 0 480159412 46 -267.153609 -1377.477196
 13.000000 7.300666 1000000.000000 10196.985353 80 0 486801213 44 -235.309166 -1416.329136
 13.000000 7.375292 1000000.000000 11082.354095 80 0 530293229 50 -35.787971 -1290.676115
 13.000000 7.188942 1000000.000000 8906.887386 80 0 424073496 44 -285.820668 -1394.654802
 13.000000 7.282027 1000000.000000 9976.887245 80 0 475937874 44 -138.611899 -1412.713253
 13.000000 7.192042 1000000.000000 8962.351836 80 0 426672142 42 -258.991471 -1344.911893
 13.000000 7.266500 1000000.000000 9824.408981 80 0 468441026 44 -323.036082 -1409.701087
 13.000000 7.269605 1000000.000000 9829.841012 80 0 469400683 52 -43.857515 -1293.989756
 13.000000 7.278921 1000000.000000 9953.194663 80 0 474838651 44 -208.348495 -1412.110742
 13.000000 7.316203 1000000.000000 10398.081868 80 0 496322471 44 -308.600390 -1419.343439
 13.000000 7.303773 1000000.000000 10254.014215 80 0 489319562 42 -231.730054 -1365.805509
 13.000000 7.219951 1000000.000000 9267.340734 80 0 441359167 40 -253.831496 -1386.230507
 13.000000 7.406421 1000000.000000 11415.828273 80 0 546008570 40 -117.679616 -1422.032746
 13.000000 7.294452 1000000.000000 10148.528655 80 0 484218907 44 -252.056838 -1385.945878
 13.000000 7.316203 1000000.000000 10385.663961 80 0 495780574 44 -261.438357 -1419.343439
 13.000000 7.341074 1000000.000000 10674.435542 80 0 509831428 42 -291.029017 -1402.145126
 13.000000 7.306880 1000000.000000 10292.902678 80 0 491325412 44 -330.465939 -1417.534740
 13.000000 7.285133 1000000.000000 10021.526783 80 0 478339274 54 -62.063222 -1289.468542
 13.000000 7.337964 1000000.000000 10650.610944 80 0 508652294 44 -312.495632 -1423.565098
 13.000000 7.204444 1000000.000000 9083.453011 80 0 432592798 44 -150.462144 -1397.662121
 13.000000 7.362846 1000000.000000 10918.880987 80 0 523198301 42 -175.789794 -1406.303647
 13.000000 7.356625 1000000.000000 10858.359391 80 0 519631901 62 -35.578080 -1360.975559
 13.000000 7.173446 1000000.000000 8736.159087 80 0 416039145 50 -9.547932 -1255.352985
 13.000000 7.257187 1000000.000000 9715.141402 80 0 463214917 44 -298.036449 -1407.894252
 13.000000 7.154856 1000000.000000 8502.186197 80 0 404649180 44 -97.525017 -1388.042110
 13.000000 7.254083 1000000.000000 9662.409767 80 0 460603596 44 -274.210397 -1407.292052
 13.000000 7.272710 1000000.000000 9869.435345 80 0 470577573 44 -137.270312 -1410.905837
 13.000000 7.282027 1000000.000000 9989.380034 81 0 476637968 44 -304.046901 -1427.277308
 13.000000 7.182743 1000000.000000 8845.996390 81 0 421206369 44 -240.249057 -1407.817632
 13.000000 7.306880 1000000.000000 10274.196817 80 0 490017111 44 -306.931539 -1417.534740
 13.000000 7.278921 1000000.000000 9968.952125 80 0 475687247 50 -70.048989 -1273.811237
 13.000000 7.244772 1000000.000000 9566.590998 80 0 455986510 44 -266.835024 -1376.506597
 13.000000 7.297559 1000000.000000 10182.742967 80 0 485790982 44 -328.750804 -1415.726391
 13.000000 7.421992 1000000.000000 11593.787619 80 1 554980362 42 -80.859002 -1410.178542
 13.000000 7.344184 1000000.000000 10724.400065 80 0 512270286 44 -313.608881 -1424.771637
 13.000000 7.365957 1000000.000000 10970.906565 80 0 524748058 46 -286.310640 -1421.629790
 13.000000 7.263396 1000000.000000 9774.348869 80 0 466657990 44 -252.513877 -1409.098770
 13.000000 7.347294 1000000.000000 10744.773374 80 0 513332490 46 -306.818266 -1418.027670
 13.000000 7.182743 1000000.000000 8854.173505 80 0 421561383 42 -263.162772 -1371.903917
 13.000000 7.291345 1000000.000000 10113.792097 80 0 482577889 44 -304.150838 -1414.521020
 13.000000 7.235462 1000000.000000 9456.757766 80 0 450606592 44 -265.205883 -1374.737816
 13.000000 7.213747 1000000.000000 9190.062965 80 0 437805389 42 -107.138370 -1377.825735
 13.000000 7.282027 1000000.000000 9974.189081 80 0 476043737 52 -45.509602 -1296.200820
 13.000000 7.216849 1000000.000000 9222.877889 81 0 439305282 44 -130.659929 -1414.502371
 13.000000 7.393967 1000000.000000 11296.270901 80 0 540364714 44 -346.489883 -1434.429550
 13.000000 7.176545 1000000.000000 8759.389365 80 0 416936039 42 -164.717496 -1342.013833
 13.000000 7.285133 1000000.000000 10023.695405 80 0 477972557 40 -265.042877 -1398.745537
 13.000000 7.294452 1000000.000000 10133.015133 81 0 483355932 44 -188.934510 -1429.712590
 13.000000 7.250979 1000000.000000 9618.393106 80 0 458840205 44 -110.886055 -1406.689890
 13.000000 7.182743 1000000.000000 8837.224586 80 0 420766849 46 -277.528258 -1386.269403
 13.000000 7.325528 1000000.000000 10492.202546 80 0 501250428 52 -21.993149 -1274.641923
 13.000000 7.278921 1000000.000000 9937.780501 81 0 474052538 50 -123.606832 -1433.947506
 13.000000 7.213747 1000000.000000 9200.463726 80 0 438320131 42 -291.688262 -1377.825735
 13.000000 7.260291 1000000.000000 9753.207515 80 0 464824971 42 -276.811250 -1386.715618
 13.000000 7.319311 1000000.000000 10409.420012 80 0 496793634 42 -98.426354 -1397.988483
 13.000000 7.344184 1000000.000000 10726.081638 80 1 512927264 62 -26.678778 -1351.329800
 13.000000 7.334855 1000000.000000 10592.522798 80 0 506312448 44 -169.893408 -1422.961887
 13.000000 7.244772 1000000.000000 9559.936633 80 0 455609929 42 -274.079795 -1383.751369
 13.000000 7.328637 1000000.000000 10517.712132 81 0 502303898 44 -123.337820 -1436.412857
 13.000000 7.285133 1000000.000000 10037.802270 80 0 479074853 50 -24.067291 -1274.898276
 13.000000 7.294452 1000000.000000 10140.264653 81 0 484062993 52 -48.751019 -1313.001358
 13.000000 7.353514 1000000.000000 10814.078940 80 0 518567854 44 -196.441172 -1426.581736
 13.000000 7.288239 1000000.000000 10069.630179 80 0 480956766 46 -80.218196 -1260.865370
 13.000000 7.350404 1000000.000000 10784.445610 80 0 515111875 44 -290.970255 -1425.978331
 13.000000 7.161052 1000000.000000 8595.261246 80 0 409250413 44 -280.828291 -1389.244069
 13.000000 7.282027 1000000.000000 9995.435541 80 0 477198959 44 -279.072712 -1412.713253
 13.000000 7.328637 1000000.000000 10520.104021 80 1 502813935 48 -29.722813 -1282.511479
 13.000000 7.384629 1000000.000000 11162.689548 80 0 534880859 44 -105.540221 -1432.617932
 13.000000 7.375292 1000000.000000 11068.410368 80 0 529679217 44 -271.424362 -1430.806664
 13.000000 7.201343 1000000.000000 9060.315649 80 0 431449425 44 -311.047148 -1397.060580
 13.000000 7.092943 1000000.000000 7791.862126 80 0 370495942 44 -150.406229 -1347.659249
 13.000000 7.381516 1000000.000000 11129.528253 80 0 531941663 42 -106.886199 -1409.869589
 13.000000 7.167248 1000000.000000 8666.292383 81 0 412491108 44 -283.271955 -1404.780680
 13.000000 7.198243 1000000.000000 9014.721447 80 0 429307318 42 -173.925856 -1374.864349
 13.000000 7.350404 1000000.000000 10777.812234 80 0 515691609 44 -214.064603 -1396.576716
 13.000000 7.235462 1000000.000000 9453.015602 80 0 450364705 42 -272.441345 -1381.973278
 13.000000 7.328637 1000000.000000 10532.971843 80 0 503095153 52 -75.351909 -1304.497390
 13.000000 7.198243 1000000.000000 9017.435035 81 0 429602113 44 -219.908283 -1410.855563
 13.000000 7.049652 1000000.000000 7288.675339 80 0 346559644 44 -238.639418 -1367.632454
 13.000000 7.309988 1000000.000000 10316.348632 80 0 492365602 44 -307.487787 -1418.137601
 13.000000 7.282027 1000000.000000 10002.391311 80 0 477267456 54 -108.457981 -1288.918793
 13.000000 7.254083 1000000.000000 9680.642988 80 0 461476423 44 -274.210397 -1407.292052
 13.000000 7.263396 1000000.000000 9781.447380 80 0 466255150 44 -299.147834 -1409.098770
 13.000000 7.378404 1000000.000000 11113.092959 80 0 532851203 42 -321.491129 -1409.275169
 13.000000 7.322420 1000000.000000 10462.195907 80 0 500744880 44 -286.101038 -1420.549433
 13.000000 7.204444 1000000.000000 9084.916073 80 0 432742449 44 -288.595462 -1397.662121
 13.000000 7.244772 1000000.000000 9553.778121 81 0 455277053 44 -227.632080 -1419.975227
 13.000000 7.341074 1000000.000000 10668.964092 80 0 509437022 44 -218.230759 -1424.168348
 13.000000 7.328637 1000000.000000 10538.604788 81 0 503597847 52 -53.365998 -1319.154664
 13.000000 7.319311 1000000.000000 10422.520531 80 0 498145243 44 -285.560188 -1419.946417
 13.000000 7.244772 1000000.000000 9568.858153 80 0 456092800 44 -266.835024 -1376.506597
 13.000000 7.207545 1000000.000000 9132.600635 80 0 435003736 44 -220.037355 -1398.263701
 13.000000 7.325528 1000000.000000 10511.504139 81 0 502251722 44 -311.920621 -1435.803545
 13.000000 7.322420 1000000.000000 10473.910873 80 0 499998317 44 -380.549433 -1420.549433
 13.000000 7.133178 1000000.000000 8268.022471 80 0 393273244 48 -193.574785 -1369.570115
 13.000000 7.294452 1000000.000000 10133.642567 80 0 483960180 56 -61.751019 -1313.001358
 13.000000 7.077478 1000000.000000 7617.431323 80 0 362600779 52 -18.304528 -1259.791023
 13.000000 7.275816 1000000.000000 9926.550101 80 0 473289431 44 -301.371033 -1411.508270
 13.000000 7.344184 1000000.000000 10727.467616 80 0 512525658 42 -291.576330 -1402.739085
 13.000000 7.365957 1000000.000000 10973.976241 80 0 526204557 62 -84.404257 -1362.702130
 13.000000 7.356625 1000000.000000 10852.446074 80 0 518462834 44 -292.052688 -1427.185180
 13.000000 7.216849 1000000.000000 9230.020179 80 1 439571099 40 -176.828417 -1378.418126
 13.000000 7.250979 1000000.000000 9621.967722 80 0 458741194 44 -203.905632 -1406.689890
 13.000000 7.334855 1000000.000000 10610.524168 80 0 506867298 44 -311.939061 -1422.961887
 13.000000 7.282027 1000000.000000 9977.022242 80 0 475758676 44 -115.201764 -1412.713253
 13.000000 7.309988 1000000.000000 10312.078991 80 0 492199657 44 -283.937849 -1418.137601
 13.000000 7.344184 1000000.000000 10697.421738 80 0 511903780 62 -34.022962 -1358.673983
 13.000000 7.275816 1000000.000000 9917.984837 80 0 472928953 44 -248.888690 -1382.405007
 13.000000 7.322420 1000000.000000 10441.499897 80 0 498206070 44 -97.204248 -1420.549433
 13.000000 7.434453 1000000.000000 11737.859301 81 0 562126205 44 -114.085657 -1457.152859
 13.000000 7.390854 1000000.000000 11255.196338 80 0 538087178 44 -321.962831 -1433.825639
 13.000000 7.223052 1000000.000000 9303.229049 80 0 443040006 44 -222.580607 -1401.272182
 13.000000 7.238565 1000000.000000 9501.116387 80 0 452987617 52 -62.921986 -1288.464590
 13.000000 7.303773 1000000.000000 10245.180195 80 0 489355249 42 -237.426281 -1395.020600
 13.000000 7.341074 1000000.000000 10687.063570 80 0 510420528 44 -265.641499 -1424.168348
 13.000000 7.309988 1000000.000000 10306.563100 80 0 491994017 44 -166.188158 -1418.137601
 13.000000 7.337964 1000000.000000 10645.124574 80 0 508395171 44 -312.495632 -1423.565098
 13.000000 7.142467 1000000.000000 8380.882246 81 0 398772951 46 -271.644113 -1392.781122
 13.000000 7.393967 1000000.000000 11270.905243 80 0 539401619 40 -92.003612 -1419.641617
 13.000000 7.384629 1000000.000000 11183.454997 80 0 534586357 44 -344.771647 -1432.617932
 13.000000 7.161052 1000000.000000 8586.087265 80 0 408533909 44 -280.828291 -1389.244069
 13.000000 7.291345 1000000.000000 10107.058855 81 0 482127572 44 -305.733529 -1429.103711
 13.000000 7.139371 1000000.000000 8340.836698 80 0 396800433 44 -254.250477 -1385.037888
 13.000000 7.356625 1000000.000000 10862.882957 80 0 518800972 44 -315.835811 -1427.185180
 13.000000 7.241668 1000000.000000 9529.710397 80 0 454103885 44 -295.258615 -1404.883638
 13.000000 7.247875 1000000.000000 9608.221336 80 0 458044071 40 -258.634516 -1391.592017
 13.000000 7.341074 1000000.000000 10659.973341 80 0 508865380 46 -116.068206 -1416.827274
 13.000000 7.207545 1000000.000000 9131.891266 80 0 435336642 52 -35.603465 -1282.942983
 13.000000 7.325528 1000000.000000 10478.256063 80 0 500192942 44 -121.248432 -1421.152488
 13.000000 7.294452 1000000.000000 10149.170360 81 0 484583773 44 -329.768070 -1429.712590
