 13.000000 7.387741 1000000.000000 11215.532375 80 0 433382760 44 -297.466945 -1433.221766
 13.000000 7.316203 1000000.000000 10390.736899 80 0 400922153 44 -308.600390 -1419.343439
 13.000000 7.397080 1000000.000000 11323.360529 80 0 438066729 64 -57.223307 -1361.062702
 13.000000 7.254083 1000000.000000 9654.949720 80 0 372172710 40 -120.079749 -1392.783886
 13.000000 7.275816 1000000.000000 9932.283782 80 0 383234127 44 -254.612875 -1411.508270
 13.000000 7.412649 1000000.000000 11493.934961 80 0 444356121 42 -183.309948 -1415.815894
 13.000000 7.350404 1000000.000000 10773.542151 80 0 416241132 44 -195.962180 -1425.978331
 13.000000 7.086757 1000000.000000 7708.791017 80 0 296346499 44 -88.059156 -1374.830764
 13.000000 7.260291 1000000.000000 9746.008527 81 0 375685838 46 -316.153871 -1415.756783
 13.000000 7.244772 1000000.000000 9542.149120 80 0 367673543 44 -156.470963 -1405.485684
 13.000000 7.347294 1000000.000000 10743.940088 80 0 418142289 64 -50.800878 -1351.902028
 13.000000 7.381516 1000000.000000 11134.882971 80 0 430082638 44 -176.845909 -1432.014137
 13.000000 7.400193 1000000.000000 11355.002266 80 0 439683558 62 -41.024157 -1369.035752
 13.000000 7.309988 1000000.000000 10309.324567 80 0 397659685 44 -236.837972 -1418.137601
 13.000000 7.397080 1000000.000000 11305.826178 80 0 436886188 44 -107.208707 -1435.033501
 13.000000 7.356625 1000000.000000 10854.369309 80 0 419780099 44 -315.835811 -1427.185180
 13.000000 7.341074 1000000.000000 10672.297644 80 0 411932110 42 -314.734386 -1402.145126
 13.000000 7.294452 1000000.000000 10126.065817 80 0 390421438 44 -187.345606 -1415.123686
 13.000000 7.201343 1000000.000000 9047.829324 80 0 348471103 44 -173.006852 -1397.060580
 13.000000 7.347294 1000000.000000 10748.632647 80 0 416181204 62 -58.148172 -1359.249321
 13.000000 7.353514 1000000.000000 10815.205790 80 0 418166604 44 -315.279024 -1426.581736
 13.000000 7.229257 1000000.000000 9381.084389 80 0 361440119 42 -248.202936 -1380.788075
 13.000000 7.359735 1000000.000000 10889.847042 80 0 420503121 44 -197.399248 -1427.788664
 13.000000 7.247875 1000000.000000 9605.489329 80 0 370165482 44 -273.130266 -1406.087768
 13.000000 7.306880 1000000.000000 10294.219171 80 0 397106660 42 -285.010899 -1395.614100
 13.000000 7.288239 1000000.000000 10079.771149 80 0 388742461 44 -327.036001 -1413.918392
 13.000000 7.425107 1000000.000000 11638.080474 80 0 450263934 44 -207.466522 -1440.470813
 13.000000 7.347294 1000000.000000 10758.677900 80 0 415455800 44 -284.776385 -1395.985790
 13.000000 7.337964 1000000.000000 10646.471397 80 0 410929265 40 -274.129881 -1408.889169
 13.000000 7.232359 1000000.000000 9404.966550 80 0 362349024 44 -131.459762 -1403.077735
 13.000000 7.372180 1000000.000000 11038.744519 81 0 426573754 44 -320.364642 -1444.947347
 13.000000 7.325528 1000000.000000 10491.966524 80 0 405817553 62 -31.691036 -1355.222734
 13.000000 7.409535 1000000.000000 11473.614847 80 0 444151058 62 -42.191813 -1370.763884
 13.000000 7.381516 1000000.000000 11134.756431 80 0 431055391 62 -38.689521 -1365.580491
 13.000000 7.347294 1000000.000000 10739.831862 80 0 414946824 42 -173.441338 -1403.333083
 13.000000 7.294452 1000000.000000 10144.333443 80 0 391047977 44 -281.234646 -1415.123686
 13.000000 7.319311 1000000.000000 10407.786069 80 0 402791972 42 -69.149108 -1368.711237
 13.000000 7.415763 1000000.000000 11543.712063 80 0 446323897 42 -328.253105 -1416.410736
 13.000000 7.117699 1000000.000000 8078.383678 80 1 310690196 40 -138.772546 -1359.480505
 13.000000 7.369069 1000000.000000 10989.792853 80 0 425102083 44 -198.836595 -1429.599347
 13.000000 7.393967 1000000.000000 11302.337685 80 0 436770407 42 -348.277816 -1412.247650
 13.000000 7.365957 1000000.000000 10960.835954 80 0 423697386 44 -293.676598 -1428.995747
 13.000000 7.250979 1000000.000000 9645.920028 80 0 371658797 42 -357.936954 -1384.936954
 13.000000 7.337964 1000000.000000 10632.166538 81 0 410388331 44 -314.171561 -1438.241027
 13.000000 7.356625 1000000.000000 10848.868011 80 0 418992805 44 -315.835811 -1427.185180
 13.000000 7.372180 1000000.000000 11043.568319 80 0 426597925 44 -318.620281 -1430.202986
 13.000000 7.356625 1000000.000000 10851.295149 80 0 419005360 50 -251.843066 -1434.541805
 13.000000 7.350404 1000000.000000 10782.920455 80 0 416767711 52 -54.603701 -1308.371870
 13.000000 7.285133 1000000.000000 10032.944102 81 0 386922400 44 -328.034739 -1427.886069
 13.000000 7.350404 1000000.000000 10777.950810 80 0 416804728 62 -34.800471 -1359.824697
 13.000000 7.309988 1000000.000000 10305.172158 80 0 397769458 48 -34.608380 -1286.557824
 13.000000 7.288239 1000000.000000 10071.036176 80 0 388376108 42 -234.847696 -1392.053675
 13.000000 7.359735 1000000.000000 10890.506442 80 0 420588373 44 -244.996602 -1427.788664
 13.000000 7.344184 1000000.000000 10720.386223 80 0 413967844 42 -291.576330 -1402.739085
 13.000000 7.365957 1000000.000000 10967.955403 80 0 423770644 52 -128.161704 -1311.140428
 13.000000 7.303773 1000000.000000 10232.324717 80 0 394822167 44 -212.299871 -1416.931919
 13.000000 7.375292 1000000.000000 11063.071246 80 0 427502496 52 -57.913847 -1312.801991
 13.000000 7.369069 1000000.000000 10980.119938 80 0 423833726 42 -57.502669 -1407.492141
 13.000000 7.176545 1000000.000000 8777.630096 80 0 337822737 44 -283.601476 -1392.249645
 13.000000 7.192042 1000000.000000 8936.805338 80 0 344128659 42 -127.038163 -1373.680062
 13.000000 7.319311 1000000.000000 10412.689016 80 0 401835881 44 -143.980846 -1419.946417
 13.000000 7.337964 1000000.000000 10630.268069 80 0 410831527 60 -11.231660 -1335.509525
 13.000000 7.331746 1000000.000000 10557.881714 80 0 407261052 44 -169.430147 -1422.358715
 13.000000 7.328637 1000000.000000 10532.563830 81 0 406410725 44 -288.840116 -1436.412857
 13.000000 7.353514 1000000.000000 10806.123488 80 0 417830966 44 -95.724404 -1397.167680
 13.000000 7.325528 1000000.000000 10476.793325 80 1 404440863 40 -75.644206 -1399.175904
 13.000000 7.133178 1000000.000000 8270.998972 81 0 318216022 44 -231.773384 -1398.102826
 13.000000 7.244772 1000000.000000 9575.657304 80 0 369724064 44 -295.814110 -1405.485684
 13.000000 7.313095 1000000.000000 10354.522259 80 0 399501495 42 -286.104784 -1396.801215
 13.000000 7.278921 1000000.000000 9946.655828 80 0 383585936 44 -138.164675 -1412.110742
 13.000000 7.297559 1000000.000000 10170.785388 80 0 392211418 42 -236.394747 -1393.833715
 13.000000 7.341074 1000000.000000 10670.846366 80 0 411827938 42 -267.323647 -1402.145126
 13.000000 7.254083 1000000.000000 9683.382443 80 0 373165373 44 -291.734894 -1378.275721
 13.000000 7.282027 1000000.000000 9972.375211 81 0 384501743 44 -93.355683 -1427.277308
 13.000000 7.353514 1000000.000000 10821.396514 80 0 417915840 44 -291.511454 -1426.581736
 13.000000 7.378404 1000000.000000 11092.271595 81 0 428644731 44 -154.246988 -1446.167189
 13.000000 7.204444 1000000.000000 9090.273598 80 0 350123246 44 -219.528803 -1397.662121
 13.000000 7.353514 1000000.000000 10812.729442 80 0 418356798 62 -35.189263 -1360.400109
 13.000000 7.250979 1000000.000000 9617.772514 80 0 370620856 44 -134.140950 -1406.689890
 13.000000 7.381516 1000000.000000 11157.648732 80 1 432771655 40 -298.146846 -1409.869589
 13.000000 7.275816 1000000.000000 9935.801911 80 0 383106860 44 -301.371033 -1411.508270
 13.000000 7.219951 1000000.000000 9285.811577 81 0 357733424 44 -292.811051 -1415.110309
 13.000000 7.322420 1000000.000000 10474.826000 80 0 404603444 48 -36.236988 -1288.745878
 13.000000 7.356625 1000000.000000 10850.554166 80 0 418964815 44 -315.835811 -1427.185180
 13.000000 7.337964 1000000.000000 10641.808150 80 0 410824999 44 -336.185454 -1423.565098
 13.000000 7.207545 1000000.000000 9114.870549 80 0 351080020 44 -81.811010 -1398.263701
 13.000000 7.272710 1000000.000000 9875.435626 80 0 380686599 42 -138.815733 -1389.087705
 13.000000 7.313095 1000000.000000 10353.219476 80 0 399817396 50 -27.702398 -1279.791689
 13.000000 7.278921 1000000.000000 9964.624284 80 0 384288546 42 -280.090158 -1390.273978
 13.000000 7.328637 1000000.000000 10535.299972 80 1 406419667 42 -281.511479 -1392.441034
 13.000000 7.384629 1000000.000000 11192.214717 80 0 432989876 62 -39.078564 -1366.156275
 13.000000 7.278921 1000000.000000 9957.151361 80 0 384101760 46 -271.253394 -1404.831821
 13.000000 7.216849 1000000.000000 9236.119796 80 0 356200780 50 -15.190348 -1262.948545
 13.000000 7.313095 1000000.000000 10346.402681 80 0 399694010 44 -260.913117 -1418.740501
 13.000000 7.272710 1000000.000000 9897.958444 80 0 381593926 44 -277.451627 -1410.905837
 13.000000 7.344184 1000000.000000 10713.510653 80 0 416594484 62 -34.022962 -1358.673983
 13.000000 7.294452 1000000.000000 10140.230474 80 0 391754088 52 -70.634375 -1298.412454
 13.000000 7.250979 1000000.000000 9620.514579 80 0 370691848 42 -112.388013 -1384.936954
 13.000000 7.198243 1000000.000000 9006.590344 81 4 346731408 44 -76.159245 -1382.062592
 13.000000 7.278921 1000000.000000 9943.066411 80 0 383334773 44 -161.559282 -1412.110742
 13.000000 7.226155 1000000.000000 9346.751732 80 0 360089115 42 -247.672438 -1380.195530
 13.000000 7.241668 1000000.000000 9537.635371 80 0 367393568 42 -273.533610 -1383.158634
 13.000000 7.313095 1000000.000000 10355.919224 80 0 399522969 44 -284.478594 -1418.740501
 13.000000 7.341074 1000000.000000 10663.973122 80 0 411586094 46 -187.184316 -1416.827274
 13.000000 7.105320 1000000.000000 7924.897658 80 0 305161497 48 -1.902188 -1222.114972
 13.000000 7.207545 1000000.000000 9132.619628 80 0 351711858 40 -274.735438 -1383.848611
 13.000000 7.294452 1000000.000000 10141.775196 80 0 391042395 44 -281.234646 -1415.123686
 13.000000 7.241668 1000000.000000 9518.060723 80 0 366821513 44 -248.841932 -1404.883638
 13.000000 7.356625 1000000.000000 10851.528497 80 0 418852573 44 -268.269564 -1427.185180
 13.000000 7.241668 1000000.000000 9536.327116 80 0 367596318 50 -41.625212 -1267.291942
 13.000000 7.347294 1000000.000000 10731.086390 80 0 414258269 40 -157.052164 -1410.680377
 13.000000 7.173446 1000000.000000 8721.566874 80 0 335698959 42 -124.323062 -1370.128115
 13.000000 7.418878 1000000.000000 11558.531797 80 0 447911071 62 -43.359696 -1372.492350
 13.000000 7.241668 1000000.000000 9510.405900 80 0 366436013 44 -109.591885 -1404.883638
 13.000000 7.328637 1000000.000000 10536.110174 80 0 406741845 42 -288.840116 -1399.769671
 13.000000 7.300666 1000000.000000 10202.542593 80 0 393402670 44 -235.309166 -1416.329136
 13.000000 7.272710 1000000.000000 9864.684745 80 0 380277762 42 -68.725075 -1389.087705
 13.000000 7.328637 1000000.000000 10532.749367 80 0 406540768 44 -257.868294 -1392.441034
 13.000000 7.337964 1000000.000000 10643.229892 80 0 410762831 44 -312.495632 -1423.565098
 13.000000 7.263396 1000000.000000 9787.292793 80 0 377228473 44 -299.147834 -1409.098770
 13.000000 7.344184 1000000.000000 10720.635269 80 0 413824599 42 -315.297249 -1402.739085
 13.000000 7.282027 1000000.000000 9977.211480 80 0 384632379 42 -93.355683 -1390.867172
 13.000000 7.285133 1000000.000000 10041.631287 80 0 387867863 52 -69.348355 -1296.753675
 13.000000 7.291345 1000000.000000 10103.794612 80 0 389640377 44 -327.607565 -1414.521020
 13.000000 7.322420 1000000.000000 10453.762679 80 0 403510587 44 -309.713137 -1420.549433
 13.000000 7.192042 1000000.000000 8932.555095 80 0 343951732 42 -58.157529 -1373.680062
 13.000000 7.309988 1000000.000000 10325.769314 80 0 398411208 44 -331.037725 -1418.137601
 13.000000 7.347294 1000000.000000 10730.503204 80 0 414284379 44 -100.537346 -1425.374964
 13.000000 7.350404 1000000.000000 10796.039780 80 0 416720540 44 -338.474293 -1425.978331
 13.000000 7.378404 1000000.000000 11089.458265 80 0 428157392 44 -104.706140 -1431.410381
 13.000000 7.369069 1000000.000000 10984.156280 80 0 424537096 42 -129.038701 -1407.492141
 13.000000 7.365957 1000000.000000 10955.182393 80 0 424153026 62 -36.744682 -1362.702130
 13.000000 7.229257 1000000.000000 9360.603342 81 0 360580465 44 -86.178943 -1416.934359
 13.000000 7.291345 1000000.000000 10080.984297 80 0 388783144 44 -93.040292 -1414.521020
 13.000000 7.291345 1000000.000000 10090.753817 81 0 389068711 44 -211.906619 -1429.103711
 13.000000 7.285133 1000000.000000 10013.110152 80 0 386055393 42 -117.203754 -1391.460404
 13.000000 7.359735 1000000.000000 10889.207912 80 0 420546258 44 -268.795279 -1427.788664
 13.000000 7.257187 1000000.000000 9692.413607 81 0 373435638 44 -136.549283 -1422.408626
 13.000000 7.223052 1000000.000000 9296.674925 81 0 358190947 44 -154.680925 -1415.718287
 13.000000 7.341074 1000000.000000 10689.583455 80 1 412477004 40 -314.734386 -1402.145126
 13.000000 7.356625 1000000.000000 10852.172460 80 0 419188787 44 -315.835811 -1427.185180
 13.000000 7.136274 1000000.000000 8295.111329 80 0 319134814 44 -162.986199 -1384.437160
 13.000000 7.133178 1000000.000000 8264.370837 80 0 317920490 44 -162.509363 -1383.836470
 13.000000 7.195142 1000000.000000 8993.011188 80 0 346236988 40 -272.540194 -1381.467329
 13.000000 7.313095 1000000.000000 10352.626825 80 0 399395344 44 -308.044070 -1418.740501
 13.000000 7.164150 1000000.000000 8634.421270 80 0 332934036 50 -8.339505 -1253.726256
 13.000000 7.285133 1000000.000000 10041.241443 80 0 387090407 44 -326.464473 -1413.315803
 13.000000 7.288239 1000000.000000 10071.881947 80 0 388426831 42 -281.730088 -1392.053675
 13.000000 7.303773 1000000.000000 10255.185253 80 0 396438907 66 -43.579143 -1365.805509
 13.000000 7.235462 1000000.000000 9435.618611 80 0 363486389 44 -85.551933 -1403.679664
 13.000000 7.282027 1000000.000000 9999.031281 80 0 385559891 42 -280.636766 -1390.867172
 13.000000 7.291345 1000000.000000 10105.874977 80 0 389975364 40 -289.568147 -1399.938329
 13.000000 7.229257 1000000.000000 9388.149194 80 0 361686326 42 -248.202936 -1380.788075
 13.000000 7.362846 1000000.000000 10911.524680 80 0 421356042 44 -174.064101 -1428.392186
 13.000000 7.344184 1000000.000000 10720.181620 80 0 413757380 44 -289.887963 -1424.771637
 13.000000 7.260291 1000000.000000 9726.743568 80 0 375033781 44 -135.481932 -1408.496492
 13.000000 7.372180 1000000.000000 11035.560075 80 0 426235580 44 -318.620281 -1430.202986
 13.000000 7.266500 1000000.000000 9801.934377 80 0 377926978 42 -114.576563 -1387.901585
 13.000000 7.229257 1000000.000000 9389.366516 80 0 361715355 40 -301.724762 -1388.017332
 13.000000 7.176545 1000000.000000 8755.694645 80 0 337002790 42 -101.892783 -1370.720011
 13.000000 7.257187 1000000.000000 9708.371615 80 0 374553260 52 -42.205853 -1291.779263
 13.000000 7.294452 1000000.000000 10116.044854 80 0 391364219 42 -48.100951 -1393.240330
 13.000000 7.384629 1000000.000000 11164.189685 80 0 431908170 50 -37.001707 -1292.309990
 13.000000 7.328637 1000000.000000 10533.089040 80 0 406927136 52 -75.351909 -1304.497390
 13.000000 7.260291 1000000.000000 9748.086595 80 0 375713765 44 -321.893580 -1408.496492
 13.000000 7.341074 1000000.000000 10662.154375 80 0 412075859 62 -33.634245 -1358.098682
 13.000000 7.272710 1000000.000000 9899.874883 80 0 381802397 44 -277.451627 -1410.905837
 13.000000 7.164150 1000000.000000 8615.791204 80 0 331731976 44 -235.741356 -1389.845107
 13.000000 7.195142 1000000.000000 8983.087669 80 0 345943673 44 -172.051920 -1395.857614
 13.000000 7.390854 1000000.000000 11238.819128 80 0 434610163 52 -59.983556 -1315.571978
 13.000000 7.347294 1000000.000000 10733.705518 80 0 414355153 44 -171.746751 -1425.374964
 13.000000 7.378404 1000000.000000 11112.567934 80 0 430225973 62 -38.300503 -1365.004745
 13.000000 7.241668 1000000.000000 9528.811626 80 0 367133246 44 -318.466956 -1404.883638
 13.000000 7.313095 1000000.000000 10357.973021 80 0 399562367 46 -277.165498 -1411.427406
 13.000000 7.362846 1000000.000000 10938.484592 80 0 423280163 62 -60.170021 -1362.126569
 13.000000 7.328637 1000000.000000 10520.345498 80 0 405998376 44 -121.680546 -1421.755582
 13.000000 7.334855 1000000.000000 10598.038934 80 0 408997337 42 -242.585945 -1400.957322
 13.000000 7.263396 1000000.000000 9785.289282 80 0 377091086 44 -299.147834 -1409.098770
 13.000000 7.179644 1000000.000000 8784.411857 80 0 338195692 44 -78.072255 -1392.850876
 13.000000 7.313095 1000000.000000 10337.449030 80 0 398803724 42 -97.580970 -1396.801215
 13.000000 7.300666 1000000.000000 10209.957501 80 0 393822198 44 -188.302510 -1416.329136
 13.000000 7.350404 1000000.000000 10767.482038 80 0 416140815 48 -122.458142 -1352.474293
 13.000000 7.294452 1000000.000000 10143.887320 80 0 391118055 40 -290.118002 -1400.534782
 13.000000 7.397080 1000000.000000 11305.503608 80 0 436888412 44 -131.194107 -1435.033501
 13.000000 7.247875 1000000.000000 9599.118560 80 0 369829881 44 -180.172764 -1406.087768
 13.000000 7.344184 1000000.000000 10699.564454 80 0 413054191 44 -171.283370 -1424.771637
 13.000000 7.325528 1000000.000000 10507.450315 80 0 405452219 40 -295.618507 -1406.501432
 13.000000 7.303773 1000000.000000 10247.862158 80 0 395378570 42 -284.464009 -1395.020600
 13.000000 7.421992 1000000.000000 11600.831314 81 0 448566738 46 -297.848657 -1447.288503
 13.000000 7.306880 1000000.000000 10274.004912 80 0 396421400 44 -230.635217 -1388.307220
 13.000000 7.381516 1000000.000000 11146.651171 81 0 430902499 44 -322.054427 -1446.777169
 13.000000 7.350404 1000000.000000 10782.834117 80 0 417239435 50 -56.304508 -1286.320659
 13.000000 7.201343 1000000.000000 9041.240945 80 0 348139403 44 -126.993420 -1397.060580
 13.000000 7.278921 1000000.000000 9964.915953 80 0 384363119 42 -280.090158 -1390.273978
 13.000000 7.275816 1000000.000000 9922.558140 81 0 382488207 46 -272.267769 -1418.784086
 13.000000 7.303773 1000000.000000 10251.385435 80 0 395413370 44 -300.679100 -1387.716827
 13.000000 7.331746 1000000.000000 10562.590394 80 0 408010954 44 -287.723796 -1422.358715
 13.000000 7.331746 1000000.000000 10562.004030 80 0 407695949 44 -193.088877 -1422.358715
 13.000000 7.325528 1000000.000000 10489.422111 80 0 404885996 44 -286.641923 -1421.152488
 13.000000 7.322420 1000000.000000 10467.252756 80 0 403985187 44 -286.101038 -1420.549433
 13.000000 7.387741 1000000.000000 11223.362179 80 0 434011921 44 -321.405650 -1433.221766
 13.000000 7.362846 1000000.000000 10930.554902 80 0 423039840 62 -36.355790 -1362.126569
 13.000000 7.362846 1000000.000000 10919.255305 80 0 422767984 62 -36.355790 -1362.126569
 13.000000 7.167248 1000000.000000 8675.271946 80 0 333921260 44 -304.773700 -1390.446183
 13.000000 7.182743 1000000.000000 8821.408271 80 0 339468130 46 -94.218537 -1386.269403
 13.000000 7.071293 1000000.000000 7556.299594 80 0 291635909 52 -17.481935 -1258.690109
 13.000000 7.188942 1000000.000000 8916.636195 80 0 343270340 44 -285.820668 -1394.654802
 13.000000 7.412649 1000000.000000 11519.087965 80 0 447171577 62 -42.581082 -1371.340002
 13.000000 7.331746 1000000.000000 10557.320410 80 0 409118032 62 -32.468245 -1356.373002
 13.000000 7.375292 1000000.000000 11060.658912 80 0 427283139 50 -35.787971 -1290.676115
 13.000000 7.337964 1000000.000000 10628.886943 80 0 410133383 42 -172.032628 -1401.551205
 13.000000 7.390854 1000000.000000 11257.523970 80 0 435011365 44 -321.962831 -1433.825639
 13.000000 7.350404 1000000.000000 10782.959683 80 0 416895544 44 -290.970255 -1425.978331
 13.000000 7.403307 1000000.000000 11389.018381 80 0 440073628 46 -292.772077 -1428.838213
 13.000000 7.275816 1000000.000000 9909.762545 80 0 381955915 44 -137.717479 -1411.508270
 13.000000 7.375292 1000000.000000 11063.186963 80 0 427207620 42 -177.669105 -1408.680788
 13.000000 7.328637 1000000.000000 10531.274101 80 0 406444846 44 -334.469212 -1421.755582
 13.000000 7.412649 1000000.000000 11494.613236 80 0 444488244 44 -253.674380 -1438.053840
 13.000000 7.344184 1000000.000000 10694.456465 80 0 412762101 42 -78.088064 -1402.739085
 13.000000 7.372180 1000000.000000 11037.787172 80 1 426367594 44 -287.387199 -1422.830806
 13.000000 7.117699 1000000.000000 8080.023385 80 0 311699060 52 -23.653964 -1266.950419
 13.000000 7.303773 1000000.000000 10230.938702 81 0 394596549 44 -166.869689 -1431.539464
 13.000000 7.303773 1000000.000000 10245.383346 80 0 395134846 44 -230.122508 -1387.716827
 13.000000 7.219951 1000000.000000 9254.665870 80 0 356542250 44 -83.473375 -1400.670408
 13.000000 7.328637 1000000.000000 10512.459972 80 0 405712263 44 -98.037361 -1421.755582
 13.000000 7.272710 1000000.000000 9870.279950 81 0 381246788 44 -162.179285 -1425.451258
 13.000000 7.201343 1000000.000000 9045.415858 80 0 348362963 42 -128.396106 -1375.456550
 13.000000 7.300666 1000000.000000 10199.424792 80 0 393424956 44 -188.302510 -1416.329136
 13.000000 7.114604 1000000.000000 8051.397972 80 0 309699350 44 -249.941068 -1380.233145
 13.000000 7.176545 1000000.000000 8773.129900 80 0 337647082 42 -284.954566 -1370.720011
 13.000000 7.309988 1000000.000000 10315.464094 80 0 399250252 62 -100.398269 -1352.347713
 13.000000 7.316203 1000000.000000 10390.777070 80 0 400949593 44 -332.181406 -1419.343439
 13.000000 7.313095 1000000.000000 10336.024380 80 0 398994661 44 -119.520256 -1418.740501
 13.000000 7.313095 1000000.000000 10333.131236 80 0 398624436 44 -119.520256 -1418.740501
 13.000000 7.154856 1000000.000000 8529.795159 80 0 328197422 44 -279.719266 -1388.042110
 13.000000 7.390854 1000000.000000 11251.020388 80 0 434761939 44 -321.962831 -1433.825639
 13.000000 7.356625 1000000.000000 10836.323835 80 1 418261711 40 -79.717828 -1405.115306
 13.000000 7.328637 1000000.000000 10515.555255 80 2 405775139 40 -116.009183 -1392.441034
 13.000000 7.198243 1000000.000000 9033.894943 81 0 347939172 44 -288.881923 -1410.855563
 13.000000 7.288239 1000000.000000 10060.099531 80 1 387897330 40 -234.847696 -1392.053675
 13.000000 7.213747 1000000.000000 9211.536099 80 0 354858834 44 -290.260767 -1399.466977
 13.000000 7.210646 1000000.000000 9154.053103 80 0 352493473 42 -129.754313 -1377.233381
 13.000000 7.201343 1000000.000000 9043.517107 81 0 348113582 44 -105.389390 -1411.463266
 13.000000 7.359735 1000000.000000 10886.751167 80 0 421261541 66 -50.686393 -1376.270516
 13.000000 7.375292 1000000.000000 11053.600381 80 0 427470579 62 -37.911510 -1364.429035
 13.000000 7.387741 1000000.000000 11224.034735 80 0 433883161 52 -83.508266 -1315.017909
 13.000000 7.384629 1000000.000000 11189.203923 80 0 432345765 44 -320.848504 -1432.617932
 13.000000 7.241668 1000000.000000 9516.946866 80 0 366616132 44 -179.216909 -1404.883638
 13.000000 7.369069 1000000.000000 11001.143129 81 0 425130867 52 -82.669632 -1326.432384
 13.000000 7.381516 1000000.000000 11152.259033 80 0 431060151 44 -320.291394 -1432.014137
 13.000000 7.400193 1000000.000000 11354.545812 80 0 439031891 40 -308.834206 -1420.837104
 13.000000 7.297559 1000000.000000 10185.931110 80 0 392814697 42 -353.833715 -1393.833715
 13.000000 7.387741 1000000.000000 11215.339406 80 0 433168950 44 -321.405650 -1433.221766
 13.000000 7.381516 1000000.000000 11158.054421 80 0 430914306 44 -320.291394 -1432.014137
 13.000000 7.288239 1000000.000000 10050.961617 80 0 387625656 42 -164.524109 -1392.053675
 13.000000 7.229257 1000000.000000 9363.852469 80 0 360654467 42 -86.178943 -1380.788075
 13.000000 7.207545 1000000.000000 9125.157176 80 0 351402326 42 -198.414721 -1376.641066
 13.000000 7.294452 1000000.000000 10150.526737 81 0 391509687 44 -306.295810 -1429.712590
 13.000000 7.161052 1000000.000000 8593.805242 80 0 330720819 42 -259.345135 -1367.760913
 13.000000 7.347294 1000000.000000 10745.023682 80 0 415030362 44 -219.219687 -1425.374964
 13.000000 7.344184 1000000.000000 10724.527036 80 0 414509200 62 -57.743880 -1358.673983
 13.000000 7.247875 1000000.000000 9609.157394 80 0 370278942 44 -319.609017 -1406.087768
 13.000000 7.219951 1000000.000000 9287.074026 80 0 357709288 44 -291.371150 -1400.670408
 13.000000 7.291345 1000000.000000 10111.363729 80 0 389779032 44 -327.607565 -1414.521020
 13.000000 7.303773 1000000.000000 10252.112549 80 0 395456466 44 -306.375327 -1416.931919
 13.000000 7.375292 1000000.000000 11065.589163 80 0 427476336 42 -297.051407 -1408.680788
 13.000000 7.275816 1000000.000000 9932.454672 80 0 382958149 44 -324.750112 -1411.508270
 13.000000 7.219951 1000000.000000 9262.684895 80 0 356772555 44 -129.672880 -1400.670408
 13.000000 7.437569 1000000.000000 11804.842748 80 0 456704561 44 -330.324873 -1442.888410
 13.000000 7.365957 1000000.000000 10957.380539 80 0 423840935 52 -56.672342 -1311.140428
 13.000000 7.285133 1000000.000000 10021.117425 80 0 386458837 44 -209.336148 -1413.315803
 13.000000 7.390854 1000000.000000 11259.608289 80 0 435097320 42 -270.226855 -1382.089662
 13.000000 7.359735 1000000.000000 10895.466461 81 0 420978410 54 -50.204541 -1317.392633
 13.000000 7.297559 1000000.000000 10153.467088 80 0 391930158 62 -4.707046 -1350.048363
 13.000000 7.114604 1000000.000000 8037.987778 80 0 309114889 44 -114.502953 -1380.233145
 13.000000 7.210646 1000000.000000 9169.893858 80 0 353158075 44 -266.652400 -1398.865319
 13.000000 7.300666 1000000.000000 10223.731381 80 0 394543288 44 -329.322479 -1416.329136
 13.000000 7.257187 1000000.000000 9684.748750 80 0 373264707 44 -88.463040 -1407.894252
 13.000000 7.359735 1000000.000000 10876.412382 80 0 420077822 44 -126.003218 -1427.788664
 13.000000 7.294452 1000000.000000 10116.910834 80 0 390029184 46 -86.162115 -1407.829234
 13.000000 7.334855 1000000.000000 10596.390940 81 0 409984199 44 -195.237394 -1437.631598
 13.000000 7.350404 1000000.000000 10780.876592 80 0 416753571 52 -78.355720 -1308.371870
 13.000000 7.297559 1000000.000000 10158.833853 80 0 392020141 52 -71.063103 -1298.965452
 13.000000 7.238565 1000000.000000 9497.367848 80 0 365868310 44 -317.895981 -1404.281632
 13.000000 7.322420 1000000.000000 10460.005678 80 0 403444885 44 -356.937334 -1420.549433
 13.000000 7.241668 1000000.000000 9517.925056 80 0 366761957 44 -248.841932 -1404.883638
 13.000000 7.309988 1000000.000000 10317.647681 81 0 398408751 52 -50.848331 -1315.797774
 13.000000 7.260291 1000000.000000 9755.199177 80 0 376034431 40 -284.071541 -1393.975909
 13.000000 7.350404 1000000.000000 10780.994566 80 0 416221798 42 -292.671063 -1403.927119
 13.000000 7.247875 1000000.000000 9608.016250 80 0 370122034 44 -319.609017 -1406.087768
 13.000000 7.223052 1000000.000000 9323.550325 80 0 359169091 44 -315.041657 -1401.272182
 13.000000 7.397080 1000000.000000 11323.991988 81 0 437822495 42 -326.665622 -1427.636421
 13.000000 7.325528 1000000.000000 10493.021061 80 0 405076631 42 -217.410055 -1399.175904
 13.000000 7.254083 1000000.000000 9675.148597 80 0 372731141 42 -298.988976 -1385.529804
 13.000000 7.347294 1000000.000000 10734.446831 80 0 414526469 44 -148.010283 -1425.374964
 13.000000 7.347294 1000000.000000 10731.636862 81 0 414839891 52 -55.884640 -1322.512853
 13.000000 7.443801 1000000.000000 11869.016259 80 0 459695090 62 -70.694163 -1377.103232
 13.000000 7.350404 1000000.000000 10792.376836 80 0 416506379 40 -300.021467 -1411.277523
 13.000000 7.263396 1000000.000000 9785.273645 80 0 377413349 44 -275.830855 -1409.098770
 13.000000 7.297559 1000000.000000 10186.665855 80 0 393471929 50 -49.170427 -1277.072776
 13.000000 7.300666 1000000.000000 10222.155051 80 0 394321292 44 -329.322479 -1416.329136
 13.000000 7.201343 1000000.000000 9048.130717 81 0 348420771 44 -151.402822 -1411.463266
 13.000000 7.049652 1000000.000000 7290.226519 80 0 280162456 44 -127.398122 -1367.632454
 13.000000 7.226155 1000000.000000 9329.365914 80 0 359390662 44 -107.435491 -1401.873994
 13.000000 7.278921 1000000.000000 9967.665251 80 0 384308471 44 -325.321529 -1412.110742
 13.000000 7.341074 1000000.000000 10671.652771 81 0 412045718 44 -291.029017 -1438.850496
 13.000000 7.331746 1000000.000000 10577.228747 80 0 408100811 44 -335.041256 -1422.358715
 13.000000 7.319311 1000000.000000 10404.100289 80 0 401485840 44 -96.787731 -1419.946417
 13.000000 7.288239 1000000.000000 10055.931493 80 0 387693904 42 -258.288892 -1392.053675
 13.000000 7.319311 1000000.000000 10429.751348 80 0 403014987 50 -28.510486 -1280.879500
 13.000000 7.369069 1000000.000000 11005.728624 80 0 425034558 44 -318.063315 -1429.599347
 13.000000 7.446918 1000000.000000 11909.785974 80 0 461610178 44 -331.998254 -1444.702018
 13.000000 7.201343 1000000.000000 9055.659583 80 0 348767448 44 -265.033716 -1397.060580
 13.000000 7.390854 1000000.000000 11263.493192 80 0 436332641 44 -321.962831 -1433.825639
 13.000000 7.235462 1000000.000000 9454.580451 80 0 364332390 44 -294.147731 -1403.679664
 13.000000 7.359735 1000000.000000 10887.213016 81 0 420316631 44 -294.313427 -1442.508134
 13.000000 7.313095 1000000.000000 10340.980111 80 0 398949528 44 -190.216686 -1418.740501
 13.000000 7.257187 1000000.000000 9687.904836 80 0 373930199 44 -88.463040 -1407.894252
 13.000000 7.263396 1000000.000000 9759.767125 80 0 376284236 44 -89.295026 -1409.098770
 13.000000 7.319311 1000000.000000 10431.749560 80 0 402608669 44 -279.879500 -1390.669171
 13.000000 7.328637 1000000.000000 10523.710594 80 0 406216705 44 -192.610102 -1421.755582
 13.000000 7.341074 1000000.000000 10691.185632 80 0 412601586 42 -314.734386 -1402.145126
 13.000000 7.260291 1000000.000000 9754.960068 80 0 375982780 40 -366.975909 -1393.975909
 13.000000 7.269605 1000000.000000 9847.084083 80 0 379522590 44 -276.911335 -1410.303442
 13.000000 7.247875 1000000.000000 9581.463831 80 0 369151981 44 -81.463137 -1377.096267
 13.000000 7.204444 1000000.000000 9094.395432 80 0 350143367 44 -288.595462 -1397.662121
 13.000000 7.362846 1000000.000000 10936.157382 80 0 422292330 44 -293.135259 -1428.392186
 13.000000 7.353514 1000000.000000 10832.167680 80 0 419090843 62 -35.189263 -1360.400109
 13.000000 7.213747 1000000.000000 9186.803778 80 0 353792449 44 -128.779612 -1399.466977
 13.000000 7.341074 1000000.000000 10674.479060 80 0 413127026 44 -218.230759 -1424.168348
 13.000000 7.207545 1000000.000000 9138.400906 80 0 351860400 44 -289.150528 -1398.263701
 13.000000 7.282027 1000000.000000 9993.785949 80 0 385406296 44 -302.482847 -1412.713253
 13.000000 7.325528 1000000.000000 10492.475493 81 0 404943999 46 -280.967451 -1428.478017
 13.000000 7.337964 1000000.000000 10652.219435 80 0 411632075 62 -56.935375 -1357.523418
 13.000000 7.341074 1000000.000000 10679.353502 80 0 412377273 52 -100.773576 -1306.711165
 13.000000 7.428222 1000000.000000 11668.388413 80 0 451901982 46 -200.518034 -1433.646931
 13.000000 7.195142 1000000.000000 8987.333847 80 0 346058723 44 -309.906190 -1395.857614
 13.000000 7.229257 1000000.000000 9381.970495 80 0 361543954 54 -31.261915 -1279.578478
 13.000000 7.263396 1000000.000000 9756.707090 81 0 376014266 44 -90.821818 -1423.625561
 13.000000 7.325528 1000000.000000 10503.886636 81 0 405917419 44 -311.920621 -1435.803545
 13.000000 7.331746 1000000.000000 10562.230276 80 0 407964574 42 -171.093639 -1400.363478
 13.000000 7.440685 1000000.000000 11816.280495 80 0 457988099 62 -46.085636 -1376.526741
 13.000000 7.201343 1000000.000000 9065.779859 80 0 349052581 42 -289.443118 -1375.456550
 13.000000 7.285133 1000000.000000 10030.548467 80 0 386747802 44 -326.464473 -1413.315803
 13.000000 7.300666 1000000.000000 10211.611495 80 0 393816464 44 -258.812494 -1416.329136
 13.000000 7.303773 1000000.000000 10230.384211 80 0 394644085 44 -118.224416 -1416.931919
 13.000000 7.219951 1000000.000000 9267.707698 80 0 356981687 44 -291.371150 -1400.670408
 13.000000 7.443801 1000000.000000 11863.681061 80 0 463407653 62 -46.475157 -1377.103232
 13.000000 7.294452 1000000.000000 10119.401304 80 0 390235135 44 -116.928827 -1415.123686
 13.000000 7.257187 1000000.000000 9684.463673 80 0 373185268 44 -88.463040 -1407.894252
 13.000000 7.216849 1000000.000000 9232.382838 80 0 355627854 42 -199.912662 -1378.418126
 13.000000 7.412649 1000000.000000 11485.627691 80 0 444034963 44 -109.294920 -1438.053840
 13.000000 7.309988 1000000.000000 10308.169052 80 0 397592566 44 -189.738096 -1418.137601
 13.000000 7.331746 1000000.000000 10564.583485 80 0 408164482 44 -335.041256 -1422.358715
 13.000000 7.288239 1000000.000000 10057.446132 80 0 387842386 44 -233.271218 -1413.918392
 13.000000 7.384629 1000000.000000 11170.281502 80 0 431588420 46 -146.001878 -1425.233303
 13.000000 7.316203 1000000.000000 10376.281849 80 0 400915817 62 -30.525412 -1353.497610
 13.000000 7.341074 1000000.000000 10679.137496 80 0 412307497 44 -241.936129 -1424.168348
 13.000000 7.328637 1000000.000000 10526.985427 80 0 406210142 44 -216.253287 -1421.755582
 13.000000 7.108414 1000000.000000 7965.617766 80 0 306379169 42 -92.286395 -1357.707103
 13.000000 7.260291 1000000.000000 9736.116083 80 0 375239663 44 -205.386300 -1408.496492
 13.000000 7.297559 1000000.000000 10177.113708 80 0 392410173 44 -305.263011 -1415.726391
 13.000000 7.300666 1000000.000000 10222.781194 80 0 394255224 42 -283.917154 -1394.427139
 13.000000 7.375292 1000000.000000 11069.810590 80 0 428217554 62 -37.911510 -1364.429035
 13.000000 7.322420 1000000.000000 10460.051141 80 0 403879677 48 -59.849087 -1288.745878
 13.000000 7.372180 1000000.000000 11041.948924 80 0 427625257 62 -61.383444 -1363.853363
 13.000000 7.397080 1000000.000000 11308.838336 80 0 437066033 44 -131.194107 -1435.033501
 13.000000 7.328637 1000000.000000 10518.854730 81 0 405888375 44 -123.337820 -1436.412857
 13.000000 7.250979 1000000.000000 9646.008794 80 0 372005239 44 -296.925208 -1406.689890
 13.000000 7.372180 1000000.000000 11020.293134 80 0 425559194 42 -129.477428 -1408.086445
 13.000000 7.192042 1000000.000000 8955.297580 81 0 344673073 46 -280.567598 -1402.448231
 13.000000 7.359735 1000000.000000 10881.040587 80 0 420052251 42 -175.320042 -1405.709457
 13.000000 7.313095 1000000.000000 10335.145714 80 0 398620788 42 -121.146447 -1396.801215
 13.000000 7.285133 1000000.000000 10031.771860 80 0 386810404 44 -303.038808 -1413.315803
 13.000000 7.257187 1000000.000000 9695.435258 80 0 373655659 42 -223.950207 -1357.093944
 13.000000 7.418878 1000000.000000 11565.768491 80 0 447271032 42 -184.250513 -1417.005616
 13.000000 7.337964 1000000.000000 10647.145112 80 0 411661109 52 -76.639090 -1306.157667
 13.000000 7.418878 1000000.000000 11590.766075 80 0 448334206 52 -87.805105 -1320.560207
 13.000000 7.291345 1000000.000000 10114.394893 80 0 390309835 50 -24.874910 -1275.985456
 13.000000 7.365957 1000000.000000 10979.740752 80 0 423917773 44 -317.506385 -1428.995747
 13.000000 7.123890 1000000.000000 8142.693646 80 0 313240236 44 -115.840140 -1382.034634
 13.000000 7.453151 1000000.000000 11957.285075 80 0 464063928 62 -47.643869 -1378.832926
 13.000000 7.300666 1000000.000000 10201.219201 80 0 393560081 44 -305.819151 -1416.329136
 13.000000 7.369069 1000000.000000 11006.776530 80 0 425539292 44 -294.217971 -1429.599347
 13.000000 7.288239 1000000.000000 10070.072432 80 0 388382881 42 -281.730088 -1392.053675
