 13.000000 7.350404 1000000.000000 10787.108060 80 0 513342038 44 -314.722274 -1425.978331
 13.000000 7.250979 1000000.000000 9613.105612 80 0 456602478 44 -87.631161 -1406.689890
 13.000000 7.108414 1000000.000000 7973.029315 80 0 377860171 44 -158.695779 -1379.032345
 13.000000 7.344184 1000000.000000 10711.994934 80 0 509736307 44 -337.329800 -1424.771637
 13.000000 7.216849 1000000.000000 9230.809641 80 0 438317582 44 -244.647452 -1400.068673
 13.000000 7.226155 1000000.000000 9340.934591 80 0 444010123 52 -38.078563 -1286.255520
 13.000000 7.266500 1000000.000000 9811.421296 80 0 466131244 44 -299.703580 -1409.701087
 13.000000 7.347294 1000000.000000 10747.714082 80 0 511507095 40 -275.734504 -1410.680377
 13.000000 7.170347 1000000.000000 8683.661741 80 0 412330975 48 -16.315444 -1261.981054
 13.000000 7.353514 1000000.000000 10820.470482 80 0 515216851 44 -243.976313 -1426.581736
 13.000000 7.269605 1000000.000000 9863.365841 80 0 468671797 44 -323.607389 -1410.303442
 13.000000 7.390854 1000000.000000 11243.673516 80 0 536474453 62 -39.856726 -1367.307954
 13.000000 7.334855 1000000.000000 10611.073062 80 0 504739220 42 -313.608771 -1400.957322
 13.000000 7.182743 1000000.000000 8828.749306 80 0 418911832 44 -193.056140 -1393.452146
 13.000000 7.350404 1000000.000000 10785.082806 80 0 513599131 46 -259.867833 -1418.627927
 13.000000 7.369069 1000000.000000 10981.665893 80 0 524916572 62 -37.133600 -1363.277728
 13.000000 7.306880 1000000.000000 10277.973878 80 0 488617265 40 -292.317779 -1402.920980
 13.000000 7.328637 1000000.000000 10512.947873 80 0 499986473 44 -98.037361 -1421.755582
 13.000000 7.021842 1000000.000000 6973.125801 80 0 330161009 42 -256.953419 -1341.171840
 13.000000 7.294452 1000000.000000 10129.263779 80 0 481430446 44 -163.873347 -1415.123686
 13.000000 7.337964 1000000.000000 10640.348291 80 0 506437720 44 -259.453952 -1394.213241
 13.000000 7.294452 1000000.000000 10135.431200 80 0 482228783 44 -281.234646 -1415.123686
 13.000000 7.331746 1000000.000000 10577.711789 80 0 503213988 44 -335.041256 -1422.358715
 13.000000 7.182743 1000000.000000 8853.954868 80 0 420012630 42 -263.162772 -1371.903917
 13.000000 7.250979 1000000.000000 9628.186104 80 2 457479939 40 -198.156611 -1377.685975
 13.000000 7.288239 1000000.000000 10077.482482 80 0 479031487 44 -274.441848 -1384.765436
 13.000000 7.238565 1000000.000000 9486.236830 80 0 450507338 40 -158.500462 -1360.850241
 13.000000 7.198243 1000000.000000 9026.606477 80 0 428321663 44 -264.494224 -1396.459077
 13.000000 7.365957 1000000.000000 10965.413784 80 0 522122063 42 -200.089364 -1406.897875
 13.000000 7.226155 1000000.000000 9338.057477 80 0 443754315 50 -16.400099 -1264.577057
 13.000000 7.278921 1000000.000000 9941.220185 80 0 472304100 42 -92.933304 -1390.273978
 13.000000 7.297559 1000000.000000 10183.267588 80 0 484129220 44 -305.263011 -1415.726391
 13.000000 7.353514 1000000.000000 10813.244795 80 0 516734283 62 -35.189263 -1360.400109
 13.000000 7.409535 1000000.000000 11463.166653 81 0 546825935 44 -303.078073 -1452.268763
 13.000000 7.223052 1000000.000000 9305.147774 80 0 442052677 52 -83.896505 -1285.703342
 13.000000 7.353514 1000000.000000 10816.531607 80 0 515250326 50 -32.956833 -1286.864968
 13.000000 7.300666 1000000.000000 10209.568997 80 0 485733704 52 -71.491859 -1299.518485
 13.000000 7.369069 1000000.000000 10988.227417 80 0 523421970 44 -198.836595 -1429.599347
 13.000000 7.381516 1000000.000000 11129.313377 80 0 530021420 42 -106.886199 -1409.869589
 13.000000 7.325528 1000000.000000 10497.686868 80 0 499332953 44 -310.269564 -1421.152488
 13.000000 7.247875 1000000.000000 9608.636747 80 1 456508490 42 -267.378141 -1377.096267
 13.000000 7.282027 1000000.000000 10007.937420 80 0 475557884 44 -325.892983 -1412.713253
 13.000000 7.313095 1000000.000000 10357.364559 81 0 492620456 46 -278.791689 -1426.053596
 13.000000 7.278921 1000000.000000 9958.086130 80 0 473123034 40 -287.369079 -1397.552900
 13.000000 7.235462 1000000.000000 9445.346612 80 0 448524710 44 -178.261177 -1403.679664
 13.000000 7.353514 1000000.000000 10800.513083 80 0 514266823 50 -32.956833 -1286.864968
 13.000000 7.328637 1000000.000000 10529.347334 81 0 501117998 44 -241.553746 -1436.412857
 13.000000 7.378404 1000000.000000 11121.923542 80 0 529906100 44 -319.734321 -1431.410381
 13.000000 7.266500 1000000.000000 9809.858382 80 0 466015281 44 -276.371078 -1409.701087
 13.000000 7.207545 1000000.000000 9126.352539 80 0 433340260 44 -173.961907 -1398.263701
 13.000000 7.275816 1000000.000000 9913.196488 81 0 471003235 44 -232.785427 -1426.059902
 13.000000 7.306880 1000000.000000 10260.021156 80 0 487812953 44 -71.587534 -1417.534740
 13.000000 7.325528 1000000.000000 10488.957315 80 0 498948701 44 -192.131357 -1421.152488
 13.000000 7.275816 1000000.000000 9903.634425 80 0 470613612 44 -90.959321 -1411.508270
 13.000000 7.257187 1000000.000000 9698.096515 81 0 460614956 44 -183.121151 -1422.408626
 13.000000 7.238565 1000000.000000 9493.100085 80 0 450936416 42 -272.987460 -1382.565937
 13.000000 7.266500 1000000.000000 9806.811106 80 0 465968805 40 -232.772075 -1366.102084
 13.000000 7.207545 1000000.000000 9124.598616 80 0 433055584 44 -237.282624 -1369.433521
 13.000000 7.337964 1000000.000000 10645.499539 80 0 506475440 44 -336.185454 -1423.565098
 13.000000 7.331746 1000000.000000 10561.272201 81 0 502674464 52 -53.785704 -1319.714272
 13.000000 7.393967 1000000.000000 11271.432482 80 0 539973730 62 -64.215678 -1367.883850
 13.000000 7.288239 1000000.000000 10063.645022 80 0 478316893 44 -233.271218 -1413.918392
 13.000000 7.257187 1000000.000000 9707.655362 80 0 461167828 42 -276.264889 -1386.122692
 13.000000 7.347294 1000000.000000 10759.226027 81 0 512214076 44 -339.596615 -1440.069551
 13.000000 7.269605 1000000.000000 9848.798973 80 0 468027235 44 -300.259362 -1410.303442
 13.000000 7.272710 1000000.000000 9875.136908 80 0 469228365 44 -160.633864 -1410.905837
 13.000000 7.226155 1000000.000000 9349.451645 80 0 444679433 52 -38.078563 -1286.255520
 13.000000 7.393967 1000000.000000 11282.263099 80 0 537462722 46 -291.156249 -1427.035584
 13.000000 7.372180 1000000.000000 11050.649185 80 2 526202025 40 -360.714265 -1400.714265
 13.000000 7.381516 1000000.000000 11126.450505 80 0 529822283 44 -105.123167 -1432.014137
 13.000000 7.266500 1000000.000000 9805.592902 80 0 465779306 40 -215.173072 -1395.168086
 13.000000 7.291345 1000000.000000 10093.642641 80 0 479700136 44 -257.237383 -1414.521020
 13.000000 7.353514 1000000.000000 10834.548635 80 0 517119547 44 -315.279024 -1426.581736
 13.000000 7.344184 1000000.000000 10696.291504 80 0 508996197 44 -123.841533 -1424.771637
 13.000000 7.365957 1000000.000000 10971.238210 80 0 524241998 62 -60.574470 -1362.702130
 13.000000 7.450034 1000000.000000 11931.653285 80 0 569806834 44 -235.555436 -1445.306632
 13.000000 7.309988 1000000.000000 10322.348295 81 0 490834513 44 -256.317873 -1403.517626
 13.000000 7.356625 1000000.000000 10867.000869 80 0 518832842 44 -292.052688 -1427.185180
 13.000000 7.325528 1000000.000000 10494.234318 80 0 500650806 62 -31.691036 -1355.222734
 13.000000 7.328637 1000000.000000 10512.187133 80 0 500184421 50 -6.079628 -1282.511479
 13.000000 7.418878 1000000.000000 11564.337032 80 0 551763380 46 -150.899492 -1431.843371
 13.000000 7.257187 1000000.000000 9712.801920 80 0 461445247 44 -274.750515 -1407.894252
 13.000000 7.260291 1000000.000000 9737.352051 80 0 462519971 44 -228.687756 -1408.496492
 13.000000 7.319311 1000000.000000 10418.074538 80 0 497426287 44 -214.770517 -1419.946417
 13.000000 7.294452 1000000.000000 10129.482779 80 0 481484768 40 -196.228962 -1400.534782
 13.000000 7.341074 1000000.000000 10657.916322 80 0 506946583 44 -99.703910 -1424.168348
 13.000000 7.350404 1000000.000000 10779.591440 81 0 514348076 52 -56.304508 -1323.072678
 13.000000 7.223052 1000000.000000 9318.367908 80 0 442318071 42 -241.365027 -1350.710814
 13.000000 7.341074 1000000.000000 10674.106349 81 0 507812579 44 -291.029017 -1438.850496
 13.000000 7.282027 1000000.000000 10005.536703 80 0 475435557 40 -311.328928 -1398.149199
 13.000000 7.362846 1000000.000000 10921.833962 80 0 520655653 62 -36.355790 -1362.126569
 13.000000 7.328637 1000000.000000 10544.693116 81 0 501524985 44 -312.483301 -1436.412857
 13.000000 7.303773 1000000.000000 10250.250561 80 0 487252539 44 -329.894191 -1416.931919
 13.000000 7.263396 1000000.000000 9763.501276 80 0 464496940 52 -43.031631 -1292.884438
 13.000000 7.219951 1000000.000000 9253.560665 80 0 439315290 44 -83.473375 -1400.670408
 13.000000 7.337964 1000000.000000 10625.427656 80 0 507109307 62 -33.245553 -1357.523418
 13.000000 7.337964 1000000.000000 10632.771279 80 0 505846158 46 -210.398379 -1416.227134
 13.000000 7.344184 1000000.000000 10705.886175 80 0 509464206 44 -195.004289 -1424.771637
 13.000000 7.393967 1000000.000000 11278.332571 80 0 537763303 62 -64.215678 -1367.883850
 13.000000 7.350404 1000000.000000 10774.977840 80 0 512748683 44 -195.962180 -1425.978331
 13.000000 7.257187 1000000.000000 9695.170957 80 0 460603398 46 -267.493328 -1400.637066
 13.000000 7.254083 1000000.000000 9682.408530 81 0 460212057 52 -89.841998 -1305.734894
 13.000000 7.341074 1000000.000000 10672.031460 80 0 508005080 44 -265.641499 -1424.168348
 13.000000 7.309988 1000000.000000 10313.497061 80 0 490426894 46 -253.077923 -1410.827614
 13.000000 7.254083 1000000.000000 9676.819247 80 0 459624471 40 -306.243059 -1392.783886
 13.000000 7.216849 1000000.000000 9224.422398 80 0 437976537 40 -114.792534 -1385.634975
 13.000000 7.170347 1000000.000000 8697.873597 80 0 412522235 44 -305.343829 -1391.047298
 13.000000 7.167248 1000000.000000 8668.660848 80 0 411125794 44 -281.937458 -1390.446183
 13.000000 7.232359 1000000.000000 9409.640299 80 0 446662306 42 -156.086279 -1381.380657
 13.000000 7.328637 1000000.000000 10517.564489 81 0 501588417 46 -139.652368 -1429.084220
 13.000000 7.291345 1000000.000000 10091.671603 80 0 480093081 50 -24.874910 -1275.985456
 13.000000 7.331746 1000000.000000 10581.762749 80 0 504673651 44 -311.382526 -1422.358715
 13.000000 7.235462 1000000.000000 9449.206538 80 0 449275265 52 -39.316471 -1287.912269
 13.000000 7.309988 1000000.000000 10319.879117 80 0 490908866 52 -49.228355 -1301.177799
 13.000000 7.337964 1000000.000000 10655.696823 80 0 507022547 42 -261.129881 -1372.199347
 13.000000 7.254083 1000000.000000 9682.433903 80 0 459932131 44 -297.480811 -1407.292052
 13.000000 7.375292 1000000.000000 11065.220848 80 0 527434170 46 -264.049070 -1423.431372
 13.000000 7.269605 1000000.000000 9833.586360 80 0 467285363 44 -113.475147 -1410.303442
 13.000000 7.403307 1000000.000000 11390.895683 80 0 543775121 62 -41.413350 -1369.611758
 13.000000 7.294452 1000000.000000 10133.729073 81 0 481876973 52 -48.751019 -1313.001358
 13.000000 7.331746 1000000.000000 10548.224160 80 0 501770329 40 -60.131736 -1407.695224
 13.000000 7.260291 1000000.000000 9740.742752 80 0 462634333 44 -269.550959 -1379.455327
 13.000000 7.313095 1000000.000000 10355.366434 80 0 492532683 44 -284.478594 -1418.740501
 13.000000 7.257187 1000000.000000 9711.462590 80 0 461818528 50 -20.434293 -1270.007702
 13.000000 7.257187 1000000.000000 9698.923035 80 1 460640103 44 -244.207394 -1400.637066
 13.000000 7.319311 1000000.000000 10407.805902 80 0 495050468 40 -129.342223 -1405.307794
 13.000000 7.303773 1000000.000000 10248.994415 80 0 487355941 44 -306.375327 -1416.931919
 13.000000 7.331746 1000000.000000 10579.433588 80 0 503308701 42 -289.387288 -1400.363478
 13.000000 7.254083 1000000.000000 9667.952099 80 0 459243518 44 -274.210397 -1407.292052
 13.000000 7.344184 1000000.000000 10725.440607 81 0 510476049 44 -339.018167 -1439.460004
 13.000000 7.204444 1000000.000000 9093.385756 80 0 431613111 42 -243.959911 -1376.048789
 13.000000 7.269605 1000000.000000 9833.982409 80 0 467695109 52 -43.857515 -1293.989756
 13.000000 7.356625 1000000.000000 10846.678195 80 0 517333212 40 -182.206945 -1412.471931
 13.000000 7.365957 1000000.000000 10961.493652 80 0 522004146 42 -247.748938 -1406.897875
 13.000000 7.257187 1000000.000000 9718.965267 80 0 462190673 48 -50.977414 -1277.264889
 13.000000 7.328637 1000000.000000 10515.408869 80 0 500493976 52 -51.708724 -1304.497390
 13.000000 7.210646 1000000.000000 9156.664884 80 0 434580964 44 -243.599170 -1398.865319
 13.000000 7.415763 1000000.000000 11526.592548 80 0 549348192 44 -128.206822 -1408.994973
 13.000000 7.238565 1000000.000000 9489.688544 80 0 450602725 40 -280.226025 -1389.804502
 13.000000 7.322420 1000000.000000 10455.551498 80 0 497314597 42 -169.685384 -1398.582174
 13.000000 7.400193 1000000.000000 11343.415219 80 0 542226516 62 -41.024157 -1369.035752
 13.000000 7.325528 1000000.000000 10502.366616 80 0 499415834 44 -280.967451 -1391.850375
 13.000000 7.297559 1000000.000000 10155.135072 80 0 482838547 42 -95.467986 -1393.833715
 13.000000 7.241668 1000000.000000 9535.288607 80 0 453150755 44 -272.050274 -1404.883638
 13.000000 7.219951 1000000.000000 9276.843414 81 0 440347180 44 -315.910803 -1415.110309
 13.000000 7.328637 1000000.000000 10539.960658 80 0 501250005 44 -334.469212 -1421.755582
 13.000000 7.266500 1000000.000000 9802.955023 80 0 466289277 52 -43.444559 -1293.437079
 13.000000 7.347294 1000000.000000 10757.654380 80 0 512190456 44 -314.165560 -1425.374964
 13.000000 7.322420 1000000.000000 10444.386298 80 0 496783304 44 -168.040544 -1420.549433
 13.000000 7.400193 1000000.000000 11366.364692 80 0 541851697 44 -323.634592 -1435.637491
 13.000000 7.213747 1000000.000000 9207.258714 80 0 437071008 42 -268.619525 -1377.825735
 13.000000 7.328637 1000000.000000 10512.218055 80 0 500529861 44 -98.037361 -1421.755582
 13.000000 7.350404 1000000.000000 10780.588932 80 0 513067563 44 -219.714199 -1425.978331
 13.000000 7.328637 1000000.000000 10514.796832 80 0 500134043 44 -121.680546 -1421.755582
 13.000000 7.185843 1000000.000000 8888.827432 80 0 421878794 44 -308.195029 -1394.053455
 13.000000 7.353514 1000000.000000 10833.055472 80 0 515501009 44 -339.046595 -1426.581736
 13.000000 7.229257 1000000.000000 9376.957913 80 0 445634363 52 -38.491172 -1286.807734
 13.000000 7.300666 1000000.000000 10210.686188 80 0 485434320 42 -283.917154 -1394.427139
 13.000000 7.341074 1000000.000000 10677.112055 80 0 508036935 44 -336.757608 -1424.168348
 13.000000 7.216849 1000000.000000 9224.599041 80 0 437893014 42 -130.659929 -1378.418126
 13.000000 7.487449 1000000.000000 12381.218172 80 0 591684621 44 -339.253317 -1452.565047
 13.000000 7.369069 1000000.000000 11004.419763 81 0 523974734 44 -272.110765 -1444.337485
 13.000000 7.344184 1000000.000000 10696.304635 81 0 509239266 44 -125.529901 -1439.460004
 13.000000 7.285133 1000000.000000 10019.749482 80 0 476271307 44 -162.484818 -1413.315803
 13.000000 7.278921 1000000.000000 9944.469003 80 0 472496716 42 -139.722517 -1390.273978
 13.000000 7.365957 1000000.000000 10954.396143 81 0 522181595 52 -58.404257 -1325.872343
 13.000000 7.331746 1000000.000000 10557.246771 81 0 502348472 48 -227.406337 -1422.358715
 13.000000 7.309988 1000000.000000 10323.857706 80 0 490785149 44 -331.037725 -1418.137601
 13.000000 7.350404 1000000.000000 10778.203272 80 0 513080816 44 -314.722274 -1425.978331
 13.000000 7.369069 1000000.000000 11008.240315 80 0 524141650 44 -318.063315 -1429.599347
 13.000000 7.226155 1000000.000000 9329.795760 80 0 442934387 46 -158.053964 -1336.838603
 13.000000 7.306880 1000000.000000 10266.888866 80 0 488083085 44 -142.190735 -1417.534740
 13.000000 7.319311 1000000.000000 10422.870124 80 0 496260108 54 -43.149108 -1295.518123
 13.000000 7.238565 1000000.000000 9495.295538 80 0 450839834 46 -287.464590 -1397.043067
 13.000000 7.316203 1000000.000000 10390.522145 80 0 494046739 42 -286.651780 -1397.394830
 13.000000 7.347294 1000000.000000 10733.603310 80 0 510784409 44 -100.537346 -1425.374964
 13.000000 7.369069 1000000.000000 10981.332511 80 0 522856153 42 -81.348013 -1407.492141
 13.000000 7.285133 1000000.000000 10016.482728 80 0 476069262 42 -210.906414 -1391.460404
 13.000000 7.328637 1000000.000000 10538.993806 80 0 501799465 52 -51.708724 -1304.497390
 13.000000 7.350404 1000000.000000 10794.390296 80 0 514004165 42 -268.919044 -1403.927119
 13.000000 7.378404 1000000.000000 11117.978553 80 0 529538508 44 -343.626341 -1431.410381
 13.000000 7.257187 1000000.000000 9705.752591 80 0 461037336 40 -306.808010 -1393.379879
 13.000000 7.381516 1000000.000000 11146.680309 80 0 532434408 62 -62.597102 -1365.580491
 13.000000 7.257187 1000000.000000 9687.394752 80 0 460295694 44 -88.463040 -1407.894252
 13.000000 7.344184 1000000.000000 10697.004247 80 0 509613057 42 -149.250819 -1402.739085
 13.000000 7.347294 1000000.000000 10743.352054 80 0 511987660 44 -195.483219 -1425.374964
 13.000000 7.412649 1000000.000000 11511.645729 80 0 549100232 44 -325.864110 -1438.053840
 13.000000 7.229257 1000000.000000 9385.715990 80 0 446019105 52 -38.491172 -1286.807734
 13.000000 7.278921 1000000.000000 9969.305286 81 0 473637850 44 -373.668585 -1426.668585
 13.000000 7.229257 1000000.000000 9389.179282 80 0 445785514 44 -246.744422 -1402.475845
 13.000000 7.272710 1000000.000000 9867.702848 80 0 469340881 50 -22.452365 -1272.724337
 13.000000 7.365957 1000000.000000 10968.675855 80 0 522204469 40 -302.774470 -1414.263832
 13.000000 7.294452 1000000.000000 10140.171905 80 0 482410731 52 -70.634375 -1298.412454
 13.000000 7.341074 1000000.000000 10663.847440 80 0 507380405 44 -194.525390 -1424.168348
 13.000000 7.300666 1000000.000000 10223.643160 80 0 486077767 40 -314.721148 -1401.727804
 13.000000 7.291345 1000000.000000 10105.890984 80 0 480507046 42 -282.276801 -1392.646983
 13.000000 7.393967 1000000.000000 11300.359504 80 0 539957443 62 -88.185512 -1367.883850
 13.000000 7.247875 1000000.000000 9609.994595 80 0 456534688 44 -319.609017 -1406.087768
 13.000000 7.247875 1000000.000000 9605.872876 80 0 456074730 42 -251.386640 -1384.344142
 13.000000 7.263396 1000000.000000 9764.989129 80 0 463959214 40 -144.719171 -1394.571978
 13.000000 7.285133 1000000.000000 10043.820021 81 0 477364838 50 -311.894207 -1435.171202
 13.000000 7.285133 1000000.000000 10033.603975 81 0 477363612 52 -47.492956 -1311.323941
 13.000000 7.316203 1000000.000000 10398.077138 80 0 494580393 42 -286.651780 -1397.394830
 13.000000 7.238565 1000000.000000 9488.806074 80 0 450600633 44 -271.510330 -1404.281632
 13.000000 7.365957 1000000.000000 10948.429087 80 0 521215331 44 -126.868087 -1428.995747
 13.000000 7.216849 1000000.000000 9244.860321 80 0 439423168 52 -36.840894 -1284.599092
 13.000000 7.431338 1000000.000000 11733.445091 80 0 559647519 40 -314.346791 -1426.816858
 13.000000 7.319311 1000000.000000 10421.612928 80 0 495673501 42 -216.409140 -1397.988483
 13.000000 7.316203 1000000.000000 10381.656250 81 0 493989260 44 -192.327714 -1433.975846
 13.000000 7.384629 1000000.000000 11184.781504 80 0 532603851 42 -298.694619 -1410.464046
 13.000000 7.210646 1000000.000000 9173.155519 80 0 435539438 44 -266.652400 -1398.865319
 13.000000 7.316203 1000000.000000 10397.162712 80 0 494414343 44 -332.181406 -1419.343439
 13.000000 7.235462 1000000.000000 9463.582714 80 0 449407031 44 -317.325042 -1403.679664
 13.000000 7.309988 1000000.000000 10312.123050 80 0 490301171 44 -307.487787 -1418.137601
 13.000000 7.325528 1000000.000000 10498.544690 80 0 499413623 52 -74.922904 -1303.944036
 13.000000 7.378404 1000000.000000 11110.599616 81 0 529246570 52 -83.976564 -1328.112725
 13.000000 7.291345 1000000.000000 10087.397051 80 0 479613261 40 -125.371056 -1399.938329
 13.000000 7.344184 1000000.000000 10706.421283 80 0 510099381 44 -266.167044 -1424.771637
 13.000000 7.300666 1000000.000000 10210.396345 81 0 485458246 44 -283.917154 -1430.930467
 13.000000 7.254083 1000000.000000 9651.859339 80 0 458388259 44 -88.047087 -1407.292052
 13.000000 7.145564 1000000.000000 8410.591894 81 0 398796472 44 -279.347126 -1400.530589
 13.000000 7.331746 1000000.000000 10583.101957 80 0 503589637 40 -296.719034 -1407.695224
 13.000000 7.257187 1000000.000000 9711.571021 80 0 461721927 50 -20.434293 -1270.007702
 13.000000 7.238565 1000000.000000 9471.900300 80 0 450110081 44 -85.967725 -1404.281632
 13.000000 7.344184 1000000.000000 10697.646160 81 0 509138749 44 -125.529901 -1439.460004
 13.000000 7.219951 1000000.000000 9279.659366 81 0 440457024 48 -307.250952 -1429.550210
 13.000000 7.328637 1000000.000000 10522.124555 80 0 500432732 42 -123.337820 -1399.769671
 13.000000 7.272710 1000000.000000 9895.528075 80 0 470346437 44 -300.815179 -1410.905837
 13.000000 7.303773 1000000.000000 10230.212524 80 0 486317941 44 -141.743280 -1416.931919
 13.000000 7.387741 1000000.000000 11204.261670 80 0 534257758 44 -177.773418 -1433.221766
 13.000000 7.229257 1000000.000000 9372.274620 80 0 445056784 44 -269.890707 -1402.475845
 13.000000 7.272710 1000000.000000 9868.981067 80 0 468914543 44 -113.906759 -1410.905837
 13.000000 7.344184 1000000.000000 10706.839314 80 0 510414656 44 -195.004289 -1424.771637
 13.000000 7.266500 1000000.000000 9796.504505 80 0 465976735 52 -43.444559 -1293.437079
 13.000000 7.316203 1000000.000000 10401.143811 81 0 494858095 44 -333.813813 -1433.975846
 13.000000 7.375292 1000000.000000 11081.839859 80 0 527891000 44 -319.177283 -1430.806664
 13.000000 7.210646 1000000.000000 9163.443603 80 0 435024023 40 -183.071418 -1384.444027
 13.000000 7.303773 1000000.000000 10250.548299 80 0 487805908 52 -71.920643 -1300.071554
 13.000000 7.406421 1000000.000000 11438.057166 80 0 546011812 62 -89.866775 -1370.187802
 13.000000 7.316203 1000000.000000 10378.965801 80 0 493521784 44 -167.114291 -1419.343439
 13.000000 7.244772 1000000.000000 9551.211786 81 0 454069179 52 -42.044161 -1304.058882
 13.000000 7.272710 1000000.000000 9899.540035 80 0 470322605 42 -278.997048 -1389.087705
 13.000000 7.372180 1000000.000000 11018.214746 80 0 524625178 42 -81.755625 -1408.086445
 13.000000 7.306880 1000000.000000 10287.228142 80 0 489184695 42 -308.545299 -1395.614100
 13.000000 7.350404 1000000.000000 10775.788760 80 0 513373027 44 -219.714199 -1425.978331
 13.000000 7.365957 1000000.000000 10947.218932 80 0 522035889 44 -126.868087 -1428.995747
 13.000000 7.300666 1000000.000000 10190.947315 80 0 484560907 44 -117.792525 -1416.329136
 13.000000 7.226155 1000000.000000 9347.160087 80 0 443761332 44 -269.350902 -1401.873994
 13.000000 7.362846 1000000.000000 10911.515590 80 0 519477050 40 -111.709946 -1413.666493
 13.000000 7.359735 1000000.000000 10889.431867 80 0 518409747 44 -263.155015 -1398.349722
 13.000000 7.223052 1000000.000000 9297.144549 80 0 441358933 44 -130.119558 -1401.272182
 13.000000 7.198243 1000000.000000 9027.187354 80 0 428628726 50 -12.771547 -1259.692467
 13.000000 7.384629 1000000.000000 11187.941771 80 0 532947571 44 -320.848504 -1432.617932
 13.000000 7.331746 1000000.000000 10549.286246 80 0 502974668 62 -32.468245 -1356.373002
 13.000000 7.393967 1000000.000000 11288.523969 80 0 537991231 40 -307.732116 -1419.641617
 13.000000 7.322420 1000000.000000 10453.811003 80 0 497303674 42 -169.685384 -1398.582174
 13.000000 7.294452 1000000.000000 10119.934922 80 0 481050693 42 -118.517731 -1393.240330
 13.000000 7.185843 1000000.000000 8857.944437 80 0 420358835 42 -57.345374 -1372.495927
 13.000000 7.387741 1000000.000000 11214.056293 80 0 534458921 52 -83.508266 -1315.017909
 13.000000 7.173446 1000000.000000 8723.343917 80 0 413744546 42 -124.323062 -1370.128115
 13.000000 7.179644 1000000.000000 8800.371317 80 0 417434527 44 -284.156221 -1392.850876
 13.000000 7.167248 1000000.000000 8650.723684 80 0 410362027 44 -167.756249 -1390.446183
 13.000000 7.403307 1000000.000000 11380.171980 80 0 544552087 62 -41.413350 -1369.611758
 13.000000 7.350404 1000000.000000 10793.401951 80 0 513894922 44 -338.474293 -1425.978331
 13.000000 7.291345 1000000.000000 10098.700712 80 0 480118449 40 -213.489310 -1370.772947
 13.000000 7.300666 1000000.000000 10218.147211 80 0 486781354 62 -28.583206 -1350.623145
 13.000000 7.353514 1000000.000000 10825.153009 80 0 515308269 44 -291.511454 -1426.581736
 13.000000 7.353514 1000000.000000 10808.245907 80 0 514517047 44 -148.906031 -1426.581736
 13.000000 7.297559 1000000.000000 10163.004683 81 0 483243701 44 -259.882541 -1430.321509
 13.000000 7.179644 1000000.000000 8788.788631 80 0 417135888 44 -123.868692 -1392.850876
 13.000000 7.297559 1000000.000000 10171.305601 80 0 483818300 44 -305.263011 -1415.726391
 13.000000 7.260291 1000000.000000 9735.935277 80 0 462459326 44 -298.592124 -1408.496492
 13.000000 7.216849 1000000.000000 9250.795082 80 0 439035788 44 -267.731696 -1400.068673
 13.000000 7.300666 1000000.000000 10201.795917 81 0 484963588 44 -166.400513 -1430.930467
 13.000000 7.344184 1000000.000000 10707.171907 80 0 510128739 62 -34.022962 -1358.673983
 13.000000 7.328637 1000000.000000 10513.525901 80 0 500398898 44 -98.037361 -1421.755582
 13.000000 7.381516 1000000.000000 11148.347145 80 0 530916031 52 -82.649231 -1313.909878
 13.000000 7.151759 1000000.000000 8478.200548 80 0 402038312 44 -165.370840 -1387.441188
 13.000000 7.182743 1000000.000000 8820.462591 80 0 418501003 44 -78.487565 -1393.452146
 13.000000 7.306880 1000000.000000 10270.266515 81 0 488563917 44 -190.873296 -1432.148501
 13.000000 7.288239 1000000.000000 10065.961706 80 0 478535995 44 -280.153609 -1413.918392
 13.000000 7.241668 1000000.000000 9509.195660 80 0 451598315 44 -109.591885 -1404.883638
 13.000000 7.313095 1000000.000000 10350.773032 80 0 492202501 42 -286.104784 -1396.801215
 13.000000 7.291345 1000000.000000 10108.799345 80 0 480984921 42 -282.276801 -1392.646983
 13.000000 7.309988 1000000.000000 10305.088392 80 0 489915856 42 -144.258195 -1396.207638
 13.000000 7.409535 1000000.000000 11464.464922 80 0 547055797 62 -42.191813 -1370.763884
 13.000000 7.263396 1000000.000000 9778.951449 80 0 464796201 44 -299.147834 -1409.098770
 13.000000 6.994048 1000000.000000 6651.819183 80 0 314812152 44 -250.934673 -1356.845399
 13.000000 7.309988 1000000.000000 10299.907108 80 0 489732717 44 -142.638219 -1418.137601
 13.000000 7.207545 1000000.000000 9109.638996 80 0 432393494 44 -81.811010 -1398.263701
 13.000000 7.337964 1000000.000000 10628.936000 81 0 505615282 44 -172.032628 -1438.241027
 13.000000 7.269605 1000000.000000 9850.754902 80 0 468036359 42 -231.754492 -1388.494626
 13.000000 7.266500 1000000.000000 9807.127990 80 0 466132554 42 -39.244061 -1242.571576
 13.000000 7.316203 1000000.000000 10391.497930 81 0 494315348 44 -310.232797 -1433.975846
 13.000000 7.257187 1000000.000000 9715.622881 80 0 461488376 42 -276.264889 -1386.122692
 13.000000 7.275816 1000000.000000 9929.444103 80 0 471808868 44 -301.371033 -1411.508270
 13.000000 7.263396 1000000.000000 9782.472952 80 0 464760742 44 -322.464812 -1409.098770
 13.000000 7.384629 1000000.000000 11185.039573 80 0 532752867 44 -344.771647 -1432.617932
 13.000000 7.347294 1000000.000000 10735.261577 80 0 511009003 44 -148.010283 -1425.374964
 13.000000 7.400193 1000000.000000 11343.056592 80 0 540554305 44 -107.625896 -1435.637491
 13.000000 7.167248 1000000.000000 8668.508973 80 0 411130551 42 -237.599471 -1368.944438
 13.000000 7.322420 1000000.000000 10449.529959 80 0 496882343 40 -200.619902 -1405.904594
 13.000000 7.344184 1000000.000000 10693.795912 81 0 510119345 44 -101.808982 -1439.460004
 13.000000 7.238565 1000000.000000 9488.109323 81 0 450512356 46 -288.941720 -1411.520197
 13.000000 7.229257 1000000.000000 9363.472361 81 0 444638110 44 -86.178943 -1416.934359
 13.000000 7.356625 1000000.000000 10871.926012 80 0 517604149 44 -315.835811 -1427.185180
 13.000000 7.337964 1000000.000000 10639.800827 80 0 506195822 42 -314.171561 -1401.551205
 13.000000 7.328637 1000000.000000 10531.607310 80 0 501103041 40 -201.596013 -1407.098308
 13.000000 7.353514 1000000.000000 10810.715886 81 0 514619371 44 -198.148200 -1441.288764
 13.000000 7.269605 1000000.000000 9835.488615 80 0 467253765 44 -160.171201 -1410.303442
 13.000000 7.418878 1000000.000000 11586.979604 81 0 552213541 42 -330.654595 -1431.843371
 13.000000 7.269605 1000000.000000 9838.165348 81 0 467342529 48 -240.563308 -1410.303442
 13.000000 7.309988 1000000.000000 10323.363976 80 0 491363823 62 -76.848331 -1352.347713
 13.000000 7.291345 1000000.000000 10095.474546 80 0 479805444 42 -258.820074 -1392.646983
 13.000000 7.365957 1000000.000000 10947.921334 80 0 521091130 40 -135.965959 -1414.263832
 13.000000 7.297559 1000000.000000 10174.535533 81 0 483718865 44 -330.345922 -1430.321509
 13.000000 7.362846 1000000.000000 10935.379754 80 0 521649921 62 -6.904405 -1332.675184
 13.000000 7.393967 1000000.000000 11283.941233 80 0 538476995 44 -202.670880 -1434.429550
 13.000000 7.347294 1000000.000000 10751.523088 80 0 511534218 42 -292.123679 -1403.333083
 13.000000 7.250979 1000000.000000 9618.965077 80 0 457111898 50 -42.882140 -1268.921293
 13.000000 7.303773 1000000.000000 10242.649654 80 0 487088983 44 -277.160236 -1387.716827
 13.000000 7.331746 1000000.000000 10551.419030 80 0 503888134 44 -122.112688 -1422.358715
 13.000000 7.378404 1000000.000000 11107.294680 80 0 528854344 44 -319.734321 -1431.410381
 13.000000 7.285133 1000000.000000 10025.739428 80 0 476483119 44 -209.336148 -1413.315803
 13.000000 7.393967 1000000.000000 11302.336641 80 0 539083979 40 -307.732116 -1419.641617
 13.000000 7.356625 1000000.000000 10836.187840 80 0 516391576 44 -101.787702 -1427.185180
 13.000000 7.294452 1000000.000000 10150.048655 80 0 482564076 40 -266.645742 -1400.534782
 13.000000 7.275816 1000000.000000 9905.029896 80 0 470604821 44 -137.717479 -1411.508270
 13.000000 7.229257 1000000.000000 9381.165321 80 0 445491674 44 -264.119964 -1373.558818
 13.000000 7.322420 1000000.000000 10459.357423 80 0 498023412 52 -50.881828 -1303.390717
 13.000000 7.337964 1000000.000000 10622.216146 80 0 505329437 44 -99.287233 -1423.565098
 13.000000 7.213747 1000000.000000 9194.102540 80 0 436398151 44 -290.260767 -1399.466977
 13.000000 7.378404 1000000.000000 11121.237222 80 0 529760647 44 -343.626341 -1431.410381
 13.000000 7.387741 1000000.000000 11228.471334 80 0 535633507 62 -39.467633 -1366.732096
 13.000000 7.337964 1000000.000000 10628.860069 80 0 505600914 48 -250.440059 -1408.889169
 13.000000 7.288239 1000000.000000 10055.077623 80 0 478585650 62 -27.029892 -1348.324240
 13.000000 7.238565 1000000.000000 9487.550930 80 0 450568122 42 -296.180285 -1382.565937
 13.000000 7.341074 1000000.000000 10672.758521 80 0 508172452 62 -33.634245 -1358.098682
 13.000000 7.412649 1000000.000000 11502.747748 80 0 548834219 44 -253.674380 -1438.053840
 13.000000 7.365957 1000000.000000 10951.431151 80 0 522569967 62 -36.744682 -1362.702130
 13.000000 7.303773 1000000.000000 10253.380553 80 0 487610699 44 -306.375327 -1416.931919
 13.000000 7.381516 1000000.000000 11154.624620 80 0 531223334 44 -344.198975 -1432.014137
 13.000000 7.297559 1000000.000000 10163.432387 80 0 483445347 44 -258.287423 -1415.726391
 13.000000 7.369069 1000000.000000 11015.872319 80 0 524366142 44 -402.599347 -1429.599347
 13.000000 7.347294 1000000.000000 10756.786127 80 0 512973478 42 -292.123679 -1403.333083
 13.000000 7.378404 1000000.000000 11119.595688 80 0 530331586 62 -38.300503 -1365.004745
 13.000000 7.195142 1000000.000000 8977.139050 80 0 425933114 44 -172.051920 -1395.857614
 13.000000 7.353514 1000000.000000 10826.473472 80 1 515220903 42 -285.864968 -1397.167680
 13.000000 7.337964 1000000.000000 10630.691284 80 0 505907135 44 -194.046521 -1423.565098
 13.000000 7.306880 1000000.000000 10292.574127 80 0 489496013 44 -306.931539 -1417.534740
 13.000000 7.288239 1000000.000000 10060.577651 80 0 478539306 42 -258.288892 -1392.053675
 13.000000 7.269605 1000000.000000 9842.984528 81 0 467750318 46 -247.832913 -1417.573048
 13.000000 7.260291 1000000.000000 9749.224373 81 0 463076698 46 -263.811250 -1386.715618
 13.000000 7.344184 1000000.000000 10725.279054 80 0 510364815 44 -313.608881 -1424.771637
 13.000000 7.313095 1000000.000000 10364.307166 80 0 492920043 44 -331.609547 -1418.740501
 13.000000 7.210646 1000000.000000 9175.423180 80 0 435419127 44 -266.652400 -1398.865319
 13.000000 7.257187 1000000.000000 9719.967039 80 0 461621461 42 -299.550823 -1386.122692
 13.000000 7.372180 1000000.000000 11024.442108 80 0 525196819 48 -60.988707 -1268.015019
 13.000000 7.319311 1000000.000000 10433.026937 80 0 496231620 46 -301.837434 -1412.627105
 13.000000 7.322420 1000000.000000 10468.941316 80 0 498213597 48 -36.236988 -1288.745878
 13.000000 7.266500 1000000.000000 9823.803945 80 0 467103282 50 -44.977560 -1271.637578
 13.000000 7.272710 1000000.000000 9877.168539 80 0 469197488 46 -293.542469 -1403.633126
 13.000000 7.319311 1000000.000000 10432.115145 80 0 496472638 52 -50.468420 -1302.837434
 13.000000 7.362846 1000000.000000 10940.208786 80 0 522622081 62 -36.355790 -1362.126569
 13.000000 7.297559 1000000.000000 10167.901164 80 0 483837826 52 -47.575310 -1298.965452
 13.000000 7.278921 1000000.000000 9941.337349 80 0 473102672 42 -116.327911 -1390.273978
 13.000000 7.297559 1000000.000000 10158.157361 80 0 483210258 42 -118.955779 -1393.833715
 13.000000 7.313095 1000000.000000 10347.238033 80 0 492082748 42 -238.973831 -1396.801215
 13.000000 7.278921 1000000.000000 9938.585572 80 0 472358952 44 -91.375461 -1412.110742
 13.000000 7.300666 1000000.000000 10202.931074 80 0 485203206 44 -282.315823 -1416.329136
 13.000000 7.244772 1000000.000000 9567.714218 80 0 454514574 44 -272.590252 -1405.485684
 13.000000 7.288239 1000000.000000 10058.474546 81 0 477998139 44 -234.847696 -1428.494870
 13.000000 7.238565 1000000.000000 9480.203998 80 0 450146139 44 -109.160551 -1404.281632
 13.000000 7.319311 1000000.000000 10411.069751 80 0 495073361 44 -120.384288 -1419.946417
 13.000000 7.446918 1000000.000000 11895.773311 80 0 569335780 44 -205.272231 -1414.914348
 13.000000 7.344184 1000000.000000 10714.566984 80 0 509842451 42 -291.576330 -1402.739085
 13.000000 7.322420 1000000.000000 10445.657953 80 0 497486219 54 -43.559408 -1296.068297
 13.000000 7.328637 1000000.000000 10531.115787 80 0 500887022 44 -310.826027 -1421.755582
 13.000000 7.356625 1000000.000000 10864.466014 80 0 518032255 62 -35.578080 -1360.975559
 13.000000 7.316203 1000000.000000 10373.924889 80 0 493467457 44 -143.533275 -1419.343439
 13.000000 7.316203 1000000.000000 10376.961689 81 0 493711651 52 -51.687445 -1316.916593
 13.000000 7.272710 1000000.000000 9866.671781 80 0 468852620 44 -113.906759 -1410.905837
 13.000000 7.000223 1000000.000000 6700.968580 80 0 317239058 44 -54.029939 -1358.043345
 13.000000 7.157954 1000000.000000 8552.118416 80 0 405546949 44 -257.483991 -1388.643070
 13.000000 7.344184 1000000.000000 10712.817132 80 0 511072978 62 -57.743880 -1358.673983
 13.000000 7.232359 1000000.000000 9410.928498 80 0 447383791 50 -17.206730 -1265.662906
 13.000000 7.378404 1000000.000000 11110.794285 81 0 529197189 44 -321.491129 -1446.167189
 13.000000 7.254083 1000000.000000 9668.775506 80 0 459256243 40 -213.161404 -1392.783886
 13.000000 7.322420 1000000.000000 10474.464330 80 0 498554005 44 -333.325236 -1420.549433
 13.000000 7.291345 1000000.000000 10104.927992 80 0 480511948 40 -313.024874 -1399.938329
